1024
1536
2304
2560
3456
3584
3840
5184
5376
5632
5760
6400
6656
7776
8064
8448
8640
8704
8960
9600
9728
9984
11664
11776
12096
12544
12672
12960
13056
13440
14080
14400
14592
14848
14976
15872
16000
16640
17496
17664
18144
18816
18944
19008
19440
19584
19712
20160
20992
21120
21600
21760
21888
22016
22272
22400
22464
23296
23808
24000
24064
24320
24960
26244
26496
27136
27216
28224
28416
28512
29160
29376
29440
29568
30208
30240
30464
30976
31232
31360
31488
31680
32400
32640
32832
33024
33408
33600
33696
34048
34304
34944
35200
35712
36000
36096
36352
36480
36608
37120
37376
37440
39366
39680
39744
40000
40448
40704
40824
41216
41600
42336
42496
42624
42768
43264
43740
43904
44064
44160
44352
45312
45360
45568
45696
46464
46848
47040
47232
47360
47520
47872
48600
48960
49248
49280
49536
49664
50112
50400
50544
51072
51456
51712
51968
52416
52480
52736
52800
53504
53568
54000
54144
54400
54528
54720
54784
54912
55040
55552
55680
55808
56000
56064
56160
56576
57856
58240
59049
59520
59616
60000
60160
60672
60800
61056
61236
61824
62400
63232
63504
63744
63936
64152
64768
64896
65024
65610
65856
66096
66240
66304
66528
67072
67840
67968
68040
68352
68544
68992
69696
70144
70272
70560
70848
71040
71168
71280
71808
72900
73440
73472
73600
73872
73920
73984
74304
74496
75168
75520
75600
75816
76160
76288
76544
76608
77056
77184
77312
77440
77568
77952
78080
78400
78624
78720
79104
79200
80256
80352
80384
81000
81216
81536
81600
81664
81792
82080
82176
82368
82560
82688
83328
83456
83520
83712
84000
84096
84224
84240
84864
85120
85504
85760
86784
87296
87360
88000
88576
89280
89424
90000
90240
90880
91008
91200
91520
91584
91648
91854
92416
92672
92736
92800
93440
93600
94848
94976
95256
95616
95904
96228
96512
97152
97344
97536
97792
98415
98784
98816
99144
99200
99360
99456
99792
100000
100096
100608
100864
101120
101760
101888
101952
102060
102528
102816
103040
103168
103488
104000
104192
104544
105216
105408
105728
105840
106240
106272
106560
106624
106752
106920
107712
108032
108160
108416
109312
109350
109760
110160
110208
110400
110808
110880
110976
111456
111744
111872
112752
113280
113400
113724
113920
114176
114240
114432
114816
114912
115456
115584
115776
115968
116160
116224
116352
116928
117120
117248
117600
117936
118080
118400
118656
118800
119168
119296
119680
120064
120384
120528
120576
121088
121500
121824
122304
122368
122400
122496
122688
123120
123136
123200
123264
123392
123552
123840
124032
124160
124992
125184
125280
125568
126000
126144
126208
126336
126360
127232
127296
127680
128128
128256
128512
128640
129280
129920
130176
130816
130944
131040
131200
131584
131840
132000
132352
132864
133760
133920
134136
134656
134912
135000
135360
135424
136000
136320
136448
136512
136800
136960
137280
137376
137472
137600
137728
137781
138624
138752
138880
139008
139104
139200
139520
140000
140160
140400
141056
141440
141568
141824
142272
142464
142884
143104
143424
143856
143872
144256
144342
144640
144768
144896
145600
145728
146016
146304
146688
148176
148224
148716
148736
148800
149040
149184
149248
149688
150000
150016
150144
150400
150784
150912
151296
151424
151680
152000
152640
152832
152928
153090
153664
153792
154224
154560
154752
155232
156000
156288
156416
156816
157184
157824
158080
158112
158592
158760
159232
159360
159408
159488
159840
159936
160128
160256
160380
161024
161568
161920
162048
162240
162304
162560
162624
163968
164025
164640
165240
165312
165600
165760
166144
166212
166320
166464
167184
167552
167616
167680
167808
169128
169472
169600
169920
170100
170368
170586
170752
170880
171264
171360
171648
171776
172224
172368
172480
172544
173184
173376
173664
173824
173952
174240
174336
174528
175360
175392
175680
175872
176384
176400
176904
177120
177600
177664
177920
177984
178200
178432
178688
178752
178944
179520
179968
180096
180576
180736
180792
180864
180992
181632
181888
182250
182528
182736
183456
183552
183600
183680
183744
183808
184000
184032
184576
184680
184704
184800
184896
184960
185088
185328
185760
186048
186240
187136
187264
187488
187776
187904
187920
188352
188672
188800
189000
189216
189312
189504
189540
190400
190720
190848
190944
190976
191360
191520
191744
192192
192384
192640
192768
192960
193280
193600
193920
194048
194432
194880
195200
195264
195328
196000
196096
196224
196352
196416
196560
196800
197376
197760
198000
198016
198528
199168
199296
199424
199936
200640
200880
200960
201204
201344
201984
202368
202496
202500
203008
203040
203136
203264
203840
204000
204160
204480
204544
204672
204768
205200
205312
205440
205568
205920
206064
206208
206400
206592
206720
207936
208128
208320
208512
208640
208656
208800
209152
209280
209408
210000
210240
210560
210600
211584
212160
212352
212736
212800
213408
213696
213760
214326
214400
214528
214656
215136
215296
215552
215784
215808
216384
216513
216960
217152
217344
217856
218240
218400
218592
219024
219456
220000
220032
220672
221312
221440
221696
222264
222336
222464
222976
223074
223104
223200
223560
223776
223872
224532
224768
225000
225024
225216
225600
226176
226368
226688
226816
226944
227136
227200
227520
227584
228000
228608
228800
228960
229120
229248
229392
229635
229888
230144
230496
230656
230688
231040
231336
231680
231840
232000
232064
232128
232848
233600
233728
233984
234000
234432
234624
234752
235224
235776
236032
236288
236736
237056
237120
237168
237440
237888
237952
238140
238848
239040
239104
239112
239232
239760
239904
240192
240384
240570
241280
241408
241472
241536
242352
242880
242944
243072
243360
243456
243840
243936
244480
245248
245504
245952
246016
246960
247040
247860
247968
248000
248400
248640
249088
249216
249318
249344
249480
249696
250000
250240
250624
250776
251328
251392
251424
251520
251712
252160
252800
253184
253692
254208
254400
254720
254880
255150
255488
255552
255879
256128
256320
256768
256896
257040
257152
257472
257536
257600
257664
257792
257920
258336
258552
258720
258816
258944
259776
260000
260064
260480
260496
260608
260736
260928
261360
261504
261792
262912
263040
263088
263296
263520
263808
264320
264576
264600
265356
265472
265600
265680
266400
266496
266560
266752
266880
266976
267008
267300
267648
267776
267904
268032
268128
268416
269280
269696
269952
270080
270144
270400
270592
270864
271040
271104
271188
271296
271488
272448
272832
273152
273280
273375
273792
274104
274400
274688
275184
275328
275400
275520
275616
275712
276000
276048
276224
276736
276864
276992
277020
277056
277200
277344
277440
277632
277992
278640
279072
279360
279680
280064
280704
280896
281216
281232
281344
281664
281856
281880
282528
283008
283200
283500
283824
283968
284256
284310
284416
284800
285184
285376
285440
285600
285824
286080
286272
286416
286464
286976
287040
287280
287616
288256
288288
288576
288640
288960
289152
289408
289440
289920
290048
290400
290560
290880
291072
291328
291584
291648
292096
292320
292352
292800
292896
292992
293120
293632
294000
294144
294272
294336
294528
294624
294784
294840
295200
295424
296000
296064
296192
296640
296704
297000
297024
297792
297920
298240
298752
298944
299136
299200
299264
299904
300160
300544
300960
301312
301320
301440
301806
302016
302720
302976
303552
303616
303744
303750
304384
304512
304560
304704
304896
305536
305760
305920
306000
306240
306688
306720
306816
306944
307008
307152
307712
307800
307840
307968
308000
308160
308352
308480
308880
308992
309096
309312
309600
309888
310016
310080
310400
310784
311168
311904
312064
312192
312480
312768
312960
312984
313200
313728
313856
313920
314112
315000
315360
315520
315840
315900
315904
316928
317376
317696
318080
318208
318240
318528
319104
319200
319232
320112
320320
320544
320640
320768
321280
321489
321600
321792
321984
322704
322816
322944
323072
323200
323328
323456
323676
323712
324352
324576
324800
325376
325440
325728
325888
326016
326784
327040
327360
327600
327888
328000
328192
328536
328960
329184
329216
329600
330000
330048
330880
331008
331264
331968
332160
332416
332544
333396
333504
333696
334336
334400
334464
334611
334656
334800
335340
335664
335808
336128
336640
336798
337152
337280
337408
337500
337536
337792
337824
338400
338432
338560
339264
339552
340000
340032
340224
340416
340704
340800
341120
341248
341280
341376
342000
342272
342400
342784
342912
343200
343440
343680
343808
343872
344000
344088
344320
344576
344832
345216
345344
345744
345856
345984
346032
346560
346624
346880
347004
347200
347392
347520
347760
347776
348000
348096
348192
348800
348928
349272
349696
350000
350336
350400
350464
350592
350976
351000
351648
351936
352128
352640
352836
353024
353600
353664
353792
353920
354048
354432
354560
355072
355104
355584
355680
355752
356096
356160
356224
356608
356832
356928
357210
357632
357760
358272
358560
358656
358668
358848
358912
359168
359640
359680
359856
360288
360576
360640
360855
361088
361216
361600
361920
362112
362208
362240
362304
362752
363008
363528
364000
364320
364416
364608
364672
365040
365184
365760
365904
366720
367744
367872
368128
368256
368896
368928
369024
370048
370440
370560
371790
371840
371952
372000
372224
372600
372960
372992
373120
373184
373632
373824
373977
374016
374220
374544
375000
375040
375296
375360
375936
376000
376064
376164
376960
376992
377088
377136
377280
377568
378112
378240
378368
378560
379200
379456
379776
380000
380416
380538
381312
381600
382080
382320
382592
382725
383232
383328
384160
384192
384256
384480
384512
385152
385344
385560
385728
385792
386208
386304
386400
386496
386688
386880
387328
387504
387584
387828
388080
388224
388352
388416
389632
389664
390000
390096
390720
390744
390912
391040
391104
391392
391424
391552
392040
392256
392688
392960
393472
393728
394368
394496
394560
394632
394944
395200
395280
395712
395776
396480
396864
396900
398034
398080
398208
398400
398520
398720
399600
399616
399744
399840
400128
400320
400464
400512
400640
400950
401472
401664
401856
402048
402192
402560
402624
402944
403712
403920
404096
404544
404800
404928
405120
405216
405600
405760
405888
406296
406400
406560
406656
406782
406784
406912
406944
407232
407296
408064
408672
409248
409728
409920
410368
410688
411008
411156
411600
412032
412776
412992
413100
413280
413424
413568
414000
414072
414208
414336
414400
415104
415232
415296
415360
415488
415530
415584
415800
416016
416160
416448
416988
417088
417536
417960
418048
418608
418880
419040
419200
419520
419584
420096
420224
420352
420608
420992
421056
421344
421376
421824
421848
422016
422144
422496
422656
422784
422820
423424
423680
423792
423808
424000
424448
424512
424800
425216
425250
425736
425920
425952
426384
426465
426624
426880
427200
427776
428064
428160
428288
428400
428736
429120
429408
429440
429568
429624
429696
429824
430336
430464
430560
430920
430976
431200
431360
431424
431872
432384
432432
432864
432896
432960
433440
433728
434112
434160
434560
434880
435072
435600
435840
435968
436320
436608
436736
436992
437376
437472
438016
438144
438400
438480
438528
438784
439200
439344
439488
439552
439680
439808
440448
440960
441000
441216
441408
441504
441728
441792
441856
441936
442112
442176
442260
442800
443136
444000
444096
444160
444288
444800
444960
445056
445184
445312
445500
445536
446080
446688
446720
446880
447360
448128
448256
448416
448448
448704
448800
448896
449024
449152
449792
449856
449920
450240
450816
451072
451328
451440
451840
451968
451980
452096
452160
452480
452709
452864
453024
454080
454144
454464
454720
454784
455328
455424
455616
455625
455936
456320
456576
456768
456840
457056
457344
457856
458304
458640
458880
459000
459008
459200
459360
459520
460000
460032
460080
460224
460416
460512
460544
460728
461440
461568
461700
461760
461952
462000
462240
462400
462528
462592
462720
463232
463320
463488
463644
463968
464384
464400
464832
465024
465120
465152
465600
465664
466176
466432
466752
467840
467856
468096
468160
468224
468288
468720
469152
469440
469476
469760
469800
470272
470528
470592
470784
470880
471168
471296
471680
471808
472000
472192
472500
473040
473280
473344
473760
473850
473856
473984
474368
475392
475648
476000
476064
476544
476800
477120
477312
477360
477440
477568
477792
478400
478656
478800
478848
479360
479744
480128
480168
480480
480816
480896
480960
481152
481600
481792
481920
482048
482400
482688
482976
483200
484000
484056
484096
484224
484416
484608
484800
484864
484992
485120
485184
485514
485568
485632
486080
486528
486864
487168
487200
487936
488000
488064
488160
488320
488592
488704
488832
489024
490000
490176
490240
490560
490880
491040
491264
491400
491776
491832
492000
492288
492804
493312
493440
493696
493776
493824
494400
495000
495040
495072
495104
495488
495872
496320
496384
496512
496896
497152
497408
497536
497920
497952
498240
498560
498624
498816
499840
500094
500224
500256
500544
500864
500992
501504
501600
501696
501984
502016
502200
502400
502528
503010
503296
503360
503496
503552
503712
504064
504192
504896
504960
505197
505728
505920
506112
506240
506250
506304
506688
506736
507136
507392
507520
507600
507648
507840
508160
508288
508896
509328
509600
509696
510000
510048
510336
510400
510464
510624
511056
511200
511360
511680
511872
511920
512064
513000
513280
513408
513600
513920
514176
514368
514800
515160
515520
515712
515808
516000
516132
516480
516608
516800
516864
517248
517376
517824
518016
518616
518656
518784
518976
519048
519840
519936
520320
520448
520506
520576
520800
521088
521280
521600
521640
521664
521728
522000
522144
522288
522368
522496
522752
522880
523200
523392
523520
523908
524032
524544
525000
525056
525504
525600
525696
525888
526400
526464
526500
527104
527472
527744
527872
527904
528192
528896
528960
529254
529536
529984
530176
530400
530496
530688
530816
530880
531072
531648
531712
531840
531968
532000
532608
532656
533376
533520
533628
534144
534240
534336
534400
534912
535248
535392
535815
536000
536320
536448
536640
537088
537408
537472
537824
537840
537856
537984
538002
538112
538240
538272
538368
538752
538880
539460
539520
539784
540432
540864
540960
541632
541824
541952
542400
542464
542880
543168
543232
543312
543360
543456
543488
544128
544256
544512
544640
545292
545600
546000
546480
546624
546912
547008
547328
547456
547560
547776
548640
548856
549632
550000
550080
550144
550528
551616
551680
551808
552192
552384
552704
553280
553344
553392
553536
553600
554240
554752
555072
555660
555776
555840
556160
556288
556544
557312
557440
557685
557760
557928
558000
558208
558336
558592
558848
558900
559440
559488
559616
559680
559776
560384
560448
560736
560896
561024
561330
561664
561816
561920
562500
562560
562944
563040
563456
563584
563904
564000
564096
564246
564736
565440
565488
565504
565632
565704
565920
566352
566720
567040
567168
567360
567424
567552
567808
567840
568000
568064
568800
568960
569184
569664
570000
570112
570624
570807
571136
571520
571904
571968
572000
572400
572800
573056
573120
573480
573888
574720
574848
574976
574992
575360
575744
576240
576288
576384
576640
576720
576768
577600
577728
577792
578016
578048
578340
578592
578688
579200
579312
579328
579456
579600
579744
580000
580032
580160
580320
580992
581256
581376
581504
581742
582120
582336
582528
582624
583424
584000
584320
584448
584496
584960
585000
585144
586080
586116
586368
586432
586496
586560
586656
586880
587088
587136
587328
588060
588384
589032
589312
589440
590080
590208
590336
590592
590720
591552
591744
591840
591948
592416
592640
592800
592920
593152
593568
593600
593664
594176
594688
594720
594880
595296
595350
595456
595712
596224
596288
597051
597120
597312
597600
597632
597760
597780
598080
599400
599424
599552
599616
599760
600192
600480
600696
600704
600768
600960
601216
601425
602208
602368
602496
602784
603072
603200
603288
603520
603680
603840
603904
603936
604416
604672
604928
605568
605880
606144
606464
606816
607200
607360
607392
607680
607744
607824
608384
608400
608640
608832
609444
609600
609840
609984
610173
610176
610368
610416
610816
610848
610944
611200
612096
613008
613120
613760
613872
614592
614880
614912
615040
615296
615552
616032
616192
616512
616734
617344
617400
617600
617728
618048
619164
619264
619488
619650
619920
620000
620136
620352
621000
621056
621108
621312
621504
621600
621824
622656
622720
622848
622944
623040
623104
623232
623295
623360
623376
623700
624024
624240
624512
624672
625000
625408
625482
625600
625632
626176
626304
626560
626940
626944
627072
627328
627912
627968
628320
628480
628560
628800
628864
629248
629280
629376
629888
630016
630144
630272
630336
630400
630528
630912
631488
631584
632000
632016
632064
632576
632736
632772
632960
633024
633216
633344
633472
633744
633984
634176
634230
634624
635008
635136
635520
635648
635688
635712
636000
636608
636672
636768
636800
637184
637200
637696
637824
637875
638604
638720
638848
638880
638928
639232
639488
639576
639936
640256
640320
640800
641664
641792
641920
642096
642240
642304
642432
642600
642880
643104
643328
643680
643840
644000
644112
644160
644352
644436
644480
644544
644608
644736
644800
644864
645504
645696
645840
646016
646380
646464
646800
647040
647136
647360
647808
648448
648576
648648
649296
649344
649440
649472
650000
650160
650592
650624
651168
651200
651240
651520
651840
652320
652608
653400
653760
653824
653952
654480
654848
654912
654976
655104
655424
655488
655616
656064
656128
656208
656896
657024
657152
657216
657280
657600
657664
657720
657792
658176
658240
658688
658800
659016
659232
659328
659520
659712
659968
660352
660672
660736
660800
660992
661440
661500
661824
662112
662256
662272
662592
662688
662784
662904
663168
663264
663390
663680
664000
664064
664200
664704
665344
665984
666000
666112
666144
666240
666368
666400
666432
666880
667136
667200
667440
667520
667584
667776
667968
668250
668304
668416
669120
669184
669440
669760
670032
670080
670320
670592
671040
671104
671488
672192
672384
672512
672624
672672
673024
673056
673200
673344
673536
673728
674240
674688
674784
674880
675200
675328
675360
676000
676096
676224
676352
676480
676608
676992
677160
677248
677600
677760
677952
677970
678144
678240
678656
678720
679168
679296
679424
679536
680512
681120
681216
681696
682080
682176
682880
682992
683136
683200
683264
683424
683648
683904
684480
684864
685152
685260
685584
686000
686016
686336
686720
686784
687232
687456
687960
688320
688500
688512
688800
689040
689280
690000
690048
690120
690336
690560
690624
690768
690816
691092
691456
691840
692160
692352
692480
692550
692640
692928
693000
693056
693360
693600
693792
693888
694080
694144
694848
694980
695232
695466
695952
696576
696600
696832
697088
697248
697536
697680
697728
697984
698400
698496
699200
699264
699648
699776
699904
700128
700160
701760
701784
702144
702208
702240
702336
702432
702848
702976
703040
703080
703232
703360
703728
704160
704214
704640
704700
704704
705408
705792
705888
706176
706304
706320
706752
706816
706944
707072
707520
707712
708000
708288
708736
708750
709376
709560
709888
709920
710016
710528
710640
710775
710784
710976
711040
711424
711552
712000
712960
713088
713440
713472
713600
714000
714096
714560
714816
715200
715680
715904
715968
716040
716160
716288
716352
716688
717440
717600
717984
718200
718272
718592
719040
719104
719488
719616
720128
720192
720252
720640
720720
721224
721344
721408
721440
721600
721728
722400
722688
722880
723072
723520
723600
723712
724032
724464
724736
724800
725120
726000
726084
726144
726336
726400
726624
726784
726912
727168
727200
727296
727488
727680
727776
727936
728271
728320
728352
728448
728576
728960
729120
729792
730240
730296
730624
730752
730800
730880
731648
731904
732000
732032
732096
732240
732480
732800
732888
732928
733056
733248
733536
733696
733952
734080
734464
735000
735264
735360
735680
735840
736320
736560
736768
736896
736960
737100
737536
737664
737748
738000
738432
738560
739206
739968
740000
740160
740480
740544
740608
740664
740736
740864
741600
741760
742016
742144
742500
742560
742608
742656
742912
743232
743808
743936
744480
744576
744768
744800
744832
745216
745344
745600
745728
746112
746304
746880
746928
747008
747360
747776
747840
747936
748000
748160
748224
748288
749760
749824
750141
750336
750384
750400
750464
750816
750848
751296
751360
751488
752256
752400
752544
752896
752976
753024
753152
753280
753300
753536
753600
753792
754432
754515
754944
755040
755244
755328
755456
755568
756096
756288
756800
757344
757440
757504
758272
758592
758880
759040
759168
759296
759360
759375
759456
760032
760104
760704
760960
761088
761280
761344
761400
761472
761760
762112
762240
762368
762432
762496
763136
763344
763648
763840
763992
764400
764416
764544
764672
764800
765000
765072
765504
765600
765696
765936
766208
766584
766720
766800
767040
767360
767488
767520
767808
767880
768096
769280
769500
769600
769792
769920
770000
770112
770400
770880
771200
771264
771328
771552
772200
772352
772480
772740
773280
773568
773632
773712
774000
774198
774592
774720
774912
775040
775200
775296
775424
775808
775872
775936
776000
776064
776736
776960
777024
777920
777924
777984
778176
778464
778572
778624
779008
779760
779776
779904
780032
780160
780416
780480
780672
780759
780864
781200
781568
781632
781920
782400
782460
782496
782592
783000
783216
783432
783552
783744
783872
784128
784320
784640
784800
785088
785280
785536
785862
786048
786176
786688
786816
787072
787500
787584
787712
788256
788400
788544
788800
788832
789600
789696
789750
789760
790016
790656
791208
791296
791616
791808
791856
792288
792320
792832
793088
793344
793408
793440
793856
793881
794240
794304
794368
794976
795136
795200
795264
795392
795520
795600
795744
796032
796224
796320
796544
796608
796928
797472
797568
797760
797952
798000
798080
798208
798912
798984
800064
800128
800280
800384
800442
800512
800800
801216
801360
801504
801536
801600
801920
802048
802304
802368
802872
803088
803200
803584
804000
804352
804480
804608
804672
804960
805504
805632
806112
806144
806208
806656
806736
806760
806784
806976
807003
807040
807168
807296
807360
807408
807552
807680
808000
808128
808320
808448
808640
809190
809216
809280
809676
810496
810648
810880
811296
811440
812000
812224
812288
812448
812736
812928
813440
813600
813696
814320
814720
814752
814848
814968
815040
815184
815232
816192
816384
816768
816960
817408
817600
817664
817938
818048
818400
818432
818944
819000
819712
819720
819936
820000
820352
820368
820480
820512
820864
820992
821184
821340
821632
821664
822400
822784
822960
823040
823284
823808
824000
824448
825000
825088
825120
825216
825792
825856
826112
827008
827200
827424
827520
827648
827712
828160
828288
828576
828928
829056
829184
829312
829696
829920
829952
830016
830088
830304
830400
831040
831232
831360
832128
832608
832832
833024
833490
833664
833760
834240
834432
834816
835328
835840
835968
836000
836160
836640
836864
836892
837000
837312
837504
837888
838144
838272
838350
838912
839160
839232
839424
839520
839664
839936
840320
840576
840672
841104
841344
841472
841536
841600
841995
842496
842724
842880
843008
843200
843520
843750
843840
844416
844480
844560
844928
845152
845184
845376
845856
846000
846080
846144
846369
846400
847104
848160
848232
848256
848384
848448
848556
848880
849152
849528
850000
850080
850304
850560
850752
850816
851040
851136
851328
851456
851712
851760
852000
852096
852800
853120
853200
853440
853504
853776
854272
854496
854528
855000
855168
855296
855680
855936
856000
856704
856960
857280
857344
857856
857952
858000
858368
858600
859200
859264
859520
859584
859680
860000
860220
860288
860800
860832
861056
861440
862080
862272
862464
862488
863040
863360
863616
864360
864432
864512
864576
864640
864960
865024
865080
865152
866048
866400
866560
866592
866688
866816
867024
867072
867200
867510
867888
868000
868032
868480
868800
868864
868968
868992
869184
869400
869440
869616
869632
869888
870000
870048
870240
870480
870656
871168
871488
871808
871884
872000
872064
872256
872320
872613
872704
873180
873504
873792
873936
874240
875000
875008
875136
875264
875776
875840
876000
876160
876480
876672
876744
876928
877184
877312
877440
877500
877716
877952
878336
879120
879174
879552
879648
879744
879840
879872
879984
880256
880320
880384
880632
880704
880992
881152
881408
881600
882090
882176
882560
882576
883548
883968
884000
884160
884480
884800
885120
885312
885504
885632
885888
886080
886144
886400
886912
887296
887328
887616
887680
887760
887922
888624
888960
889088
889200
889380
889728
890240
890352
890400
890496
890560
891136
891264
891392
891520
892032
892080
892320
892672
892944
893025
893184
893568
894080
894208
894336
894400
894432
894464
895232
895680
895968
896400
896448
896640
896670
896768
897120
897280
897536
897920
898688
899100
899136
899200
899328
899424
899640
900032
900288
900608
900720
901044
901056
901152
901376
901440
901600
901824
901888
902272
902720
903040
903312
903552
903744
904000
904176
904608
904800
904932
905280
905520
905600
905760
905856
905904
906304
906624
906880
907008
907392
907520
908352
908820
909056
909216
909696
909824
910000
910224
910800
911040
911088
911520
911616
911680
911736
912128
912576
912600
912896
912960
913248
913664
913792
914166
914400
914760
914944
914976
915264
915552
915624
915968
916224
916272
916416
916800
916864
918144
918272
918784
919360
919512
919680
920192
920320
920640
920808
921344
921536
921856
921888
922112
922240
922320
922368
922560
922944
923328
924048
924288
924416
924768
925101
925120
926016
926100
926400
926592
927072
927232
928746
928896
929024
929152
929232
929475
929600
929880
930000
930176
930204
930528
930560
931500
931584
931662
931968
932096
932256
932400
932480
932736
932800
932960
933376
933632
933984
934080
934144
934272
934416
934528
934560
934656
934848
935040
935064
935168
935550
936036
936360
936768
937008
937024
937216
937472
937500
937600
937664
938112
938223
938240
938400
938448
938752
939136
939264
939456
939840
940000
940160
940410
940416
940608
940992
941824
941868
941952
942400
942480
942720
942840
942848
943200
943296
943872
943920
943936
944064
944768
944832
945024
945216
945280
945408
945504
945600
945664
945792
945920
946368
946400
947072
947232
947376
948000
948024
948096
948640
948864
948992
949104
949158
949440
949536
949824
950000
950016
950208
950528
950616
950912
950976
951040
951264
951345
951936
952512
952576
952704
952832
953280
953472
953532
953568
954000
954912
955008
955152
955200
955776
955800
955904
956032
956480
956544
956672
956736
957906
957952
958080
958208
958272
958320
958392
958848
958976
959232
959364
959744
959904
960384
960400
960480
960640
961024
961200
961280
961408
962048
962496
962688
962880
963144
963328
963360
963456
963648
963900
964320
964480
964656
964992
965520
965760
966000
966168
966240
966528
966654
966720
966784
966816
966912
967104
967168
967200
967296
967936
968256
968320
968544
968576
968760
968960
969024
969472
969570
969696
970112
970200
970496
970560
970704
970880
971040
971712
972544
972672
972864
972972
973312
973944
974016
974080
974160
974208
975000
975104
975240
975616
975888
975936
976384
976752
976800
976860
977152
977280
977600
977760
978480
978560
978880
978912
979456
979712
980096
980100
980224
980640
980736
980928
981376
981720
982272
982368
982400
982464
982656
982784
983136
983232
983296
983424
983680
984096
984192
984256
984312
984320
984704
985344
985536
985728
985824
985920
986240
986400
986496
986580
986688
987264
987360
987904
988000
988032
988200
988524
988672
988848
988992
989280
989440
989568
989696
989824
989952
990464
990528
991008
991104
991200
991488
992160
992250
992736
993168
993384
993408
993888
994032
994048
994176
994356
994752
994896
995085
995200
995456
995520
996000
996096
996300
996608
996800
997056
997888
998016
998144
998656
998816
998912
998976
999000
999040
999168
999216
999360
999552
999600
999648
