2048
3072
4608
5120
6912
7168
7680
10368
10752
11264
11520
12800
13312
15552
16128
16896
17280
17408
17920
19200
19456
19968
23328
23552
24192
25088
25344
25920
26112
26880
28160
28800
29184
29696
29952
31744
32000
33280
34992
35328
36288
37632
37888
38016
38880
39168
39424
40320
41984
42240
43200
43520
43776
44032
44544
44800
44928
46592
47616
48000
48128
48640
49920
52488
52992
54272
54432
56448
56832
57024
58320
58752
58880
59136
60416
60480
60928
61952
62464
62720
62976
63360
64800
65280
65664
66048
66816
67200
67392
68096
68608
69888
70400
71424
72000
72192
72704
72960
73216
74240
74752
74880
78732
79360
79488
80000
80896
81408
81648
82432
83200
84672
84992
85248
85536
86528
87480
87808
88128
88320
88704
90624
90720
91136
91392
92928
93696
94080
94464
94720
95040
95744
97200
97920
98496
98560
99072
99328
100224
100800
101088
102144
102912
103424
103936
104832
104960
105472
105600
107008
107136
108000
108288
108800
109056
109440
109568
109824
110080
111104
111360
111616
112000
112128
112320
113152
115712
116480
118098
119040
119232
120000
120320
121344
121600
122112
122472
123648
124800
126464
127008
127488
127872
128304
129536
129792
130048
131220
131712
132192
132480
132608
133056
134144
135680
135936
136080
136704
137088
137984
139392
140288
140544
141120
141696
142080
142336
142560
143616
145800
146880
146944
147200
147744
147840
147968
148608
148992
150336
151040
151200
151632
152320
152576
153088
153216
154112
154368
154624
154880
155136
155904
156160
156800
157248
157440
158208
158400
160512
160704
160768
162000
162432
163072
163200
163328
163584
164160
164352
164736
165120
165376
166656
166912
167040
167424
168000
168192
168448
168480
169728
170240
171008
171520
173568
174592
174720
176000
177147
177152
178560
178848
180000
180480
181760
182016
182400
183040
183168
183296
183708
184832
185344
185472
185600
186880
187200
189696
189952
190512
191232
191808
192456
193024
194304
194688
195072
195584
196830
197568
197632
198288
198400
198720
198912
199584
200000
200192
201216
201728
202240
203520
203776
203904
204120
205056
205632
206080
206336
206976
208000
208384
209088
210432
210816
211456
211680
212480
212544
213120
213248
213504
213840
215424
216064
216320
216832
218624
218700
219520
220320
220416
220800
221616
221760
221952
222912
223488
223744
225504
226560
226800
227448
227840
228352
228480
228864
229632
229824
230912
231168
231552
231936
232320
232448
232704
233856
234240
234496
235200
235872
236160
236800
237312
237600
238336
238592
239360
240128
240768
241056
241152
242176
243000
243648
244608
244736
244800
244992
245376
246240
246272
246400
246528
246784
247104
247680
248064
248320
249984
250368
250560
251136
252000
252288
252416
252672
252720
254464
254592
255360
256256
256512
257024
257280
258560
259840
260352
261632
261888
262080
262400
263168
263680
264000
264704
265728
267520
267840
268272
269312
269824
270000
270720
270848
272000
272640
272896
273024
273600
273920
274560
274752
274944
275200
275456
275562
277248
277504
277760
278016
278208
278400
279040
280000
280320
280800
282112
282880
283136
283648
284544
284928
285768
286208
286848
287712
287744
288512
288684
289280
289536
289792
291200
291456
292032
292608
293376
295245
296352
296448
297432
297472
297600
298080
298368
298496
299376
300000
300032
300288
300800
301568
301824
302592
302848
303360
304000
305280
305664
305856
306180
307328
307584
308448
309120
309504
310464
312000
312576
312832
313632
314368
315648
316160
316224
317184
317520
318464
318720
318816
318976
319680
319872
320256
320512
320760
322048
323136
323840
324096
324480
324608
325120
325248
327936
328050
329280
330480
330624
331200
331520
332288
332424
332640
332928
334368
335104
335232
335360
335616
338256
338944
339200
339840
340200
340736
341172
341504
341760
342528
342720
343296
343552
344448
344736
344960
345088
346368
346752
347328
347648
347904
348480
348672
349056
350720
350784
351360
351744
352768
352800
353808
354240
355200
355328
355840
355968
356400
356864
357376
357504
357888
359040
359936
360192
361152
361472
361584
361728
361984
363264
363776
364500
365056
365472
366912
367104
367200
367360
367488
367616
368000
368064
369152
369360
369408
369600
369792
369920
370176
370656
371520
372096
372480
374272
374528
374976
375552
375808
375840
376704
377344
377600
378000
378432
378624
379008
379080
380800
381440
381696
381888
381952
382720
383040
383488
384384
384768
385280
385536
385920
386560
387200
387840
388096
388864
389760
390400
390528
390656
392000
392192
392448
392704
392832
393120
393600
394752
395520
396000
396032
397056
398336
398592
398848
399872
401280
401760
401920
402408
402688
403968
404736
404992
405000
406016
406080
406272
406528
407680
408000
408320
408960
409088
409344
409536
410400
410624
410880
411136
411840
412128
412416
412800
413184
413343
413440
415872
416256
416640
417024
417280
417312
417600
418304
418560
418816
420000
420480
421120
421200
423168
424320
424704
425472
425600
426816
427392
427520
428652
428800
429056
429312
430272
430592
431104
431568
431616
432768
433026
433920
434304
434688
435712
436480
436800
437184
438048
438912
440000
440064
441344
442624
442880
443392
444528
444672
444928
445952
446148
446208
446400
447120
447552
447744
449064
449536
450000
450048
450432
451200
452352
452736
453376
453632
453888
454272
454400
455040
455168
456000
457216
457600
457920
458240
458496
458784
459270
459776
460288
460992
461312
461376
462080
462672
463360
463680
464000
464128
464256
465696
467200
467456
467968
468000
468864
469248
469504
470448
471552
472064
472576
473472
474112
474240
474336
474880
475776
475904
476280
477696
478080
478208
478224
478464
479520
479808
480384
480768
481140
482560
482816
482944
483072
484704
485760
485888
486144
486720
486912
487680
487872
488960
490496
491008
491904
492032
492075
493920
494080
495720
495936
496000
496800
497280
498176
498432
498636
498688
498960
499392
500000
500480
501248
501552
502656
502784
502848
503040
503424
504320
505600
506368
507384
508416
508800
509440
509760
510300
510976
511104
511758
512256
512640
513536
513792
514080
514304
514944
515072
515200
515328
515584
515840
516672
517104
517440
517632
517888
519552
520000
520128
520960
520992
521216
521472
521856
522720
523008
523584
525824
526080
526176
526592
527040
527616
528640
529152
529200
530712
530944
531200
531360
532800
532992
533120
533504
533760
533952
534016
534600
535296
535552
535808
536064
536256
536832
538560
539392
539904
540160
540288
540800
541184
541728
542080
542208
542376
542592
542976
544896
545664
546304
546560
546750
547584
548208
548800
549376
550368
550656
550800
551040
551232
551424
552000
552096
552448
553472
553728
553984
554040
554112
554400
554688
554880
555264
555984
557280
558144
558720
559360
560128
561408
561792
562432
562464
562688
563328
563712
563760
565056
566016
566400
567000
567648
567936
568512
568620
568832
569600
570368
570752
570880
571200
571648
572160
572544
572832
572928
573952
574080
574560
575232
576512
576576
577152
577280
577920
578304
578816
578880
579840
580096
580800
581120
581760
582144
582656
583168
583296
584192
584640
584704
585600
585792
585984
586240
587264
588000
588288
588544
588672
589056
589248
589568
589680
590400
590848
592000
592128
592384
593280
593408
594000
594048
595584
595840
596480
597504
597888
598272
598400
598528
599808
600320
601088
601920
602624
602640
602880
603612
604032
605440
605952
607104
607232
607488
607500
608768
609024
609120
609408
609792
611072
611520
611840
612000
612480
613376
613440
613632
613888
614016
614304
615424
615600
615680
615936
616000
616320
616704
616960
617760
617984
618192
618624
619200
619776
620032
620160
620800
621568
622336
623808
624128
624384
624960
625536
625920
625968
626400
627456
627712
627840
628224
630000
630720
631040
631680
631800
631808
633856
634752
635392
636160
636416
636480
637056
638208
638400
638464
640224
640640
641088
641280
641536
642560
642978
643200
643584
643968
645408
645632
645888
646144
646400
646656
646912
647352
647424
648704
649152
649539
649600
650752
650880
651456
651776
652032
653568
654080
654720
655200
655776
656000
656384
657072
657920
658368
658432
659200
660000
660096
661760
662016
662528
663936
664320
664832
665088
666792
667008
667392
668672
668800
668928
669222
669312
669600
670680
671328
671616
672256
673280
673596
674304
674560
674816
675000
675072
675584
675648
676800
676864
677120
678528
679104
680000
680064
680448
680832
681408
681600
682240
682496
682560
682752
684000
684544
684800
685568
685824
686400
686880
687360
687616
687744
688000
688176
688640
688905
689152
689664
690432
690688
691488
691712
691968
692064
693120
693248
693760
694008
694400
694784
695040
695520
695552
696000
696192
696384
697600
697856
698544
699392
700000
700672
700800
700928
701184
701952
702000
703296
703872
704256
705280
705672
706048
707200
707328
707584
707840
708096
708864
709120
710144
710208
711168
711360
711504
712192
712320
712448
713216
713664
713856
714420
715264
715520
716544
717120
717312
717336
717696
717824
718336
719280
719360
719712
720576
721152
721280
721710
722176
722432
723200
723840
724224
724416
724480
724608
725504
726016
727056
728000
728640
728832
729216
729344
730080
730368
731520
731808
733440
735488
735744
736256
736512
737792
737856
738048
740096
740880
741120
743580
743680
743904
744000
744448
745200
745920
745984
746240
746368
747264
747648
747954
748032
748440
749088
750000
750080
750592
750720
751872
752000
752128
752328
753920
753984
754176
754272
754560
755136
756224
756480
756736
757120
758400
758912
759552
760000
760832
761076
762624
763200
764160
764640
765184
765450
766464
766656
767637
768320
768384
768512
768960
769024
770304
770688
771120
771456
771584
772416
772608
772800
772992
773376
773760
774656
775008
775168
775656
776160
776448
776704
776832
779264
779328
780000
780192
781440
781488
781824
782080
782208
782784
782848
783104
784080
784512
785376
785920
786944
787456
788736
788992
789120
789264
789888
790400
790560
791424
791552
792960
793728
793800
796068
796160
796416
796800
797040
797440
799200
799232
799488
799680
800256
800640
800928
801024
801280
801900
802944
803328
803712
804096
804384
805120
805248
805888
807424
807840
808192
809088
809600
809856
810240
810432
811200
811520
811776
812592
812800
813120
813312
813564
813568
813824
813888
814464
814592
816128
817344
818496
819456
819840
820125
820736
821376
822016
822312
823200
824064
825552
825984
826200
826560
826848
827136
828000
828144
828416
828672
828800
830208
830464
830592
830720
830976
831060
831168
831600
832032
832320
832896
833976
834176
835072
835920
836096
837216
837760
838080
838400
839040
839168
840192
840448
840704
841216
841984
842112
842688
842752
843648
843696
844032
844288
844992
845312
845568
845640
846848
847360
847584
847616
848000
848896
849024
849600
850432
850500
851472
851840
851904
852768
852930
853248
853760
854400
855552
856128
856320
856576
856800
857472
858240
858816
858880
859136
859248
859392
859648
860672
860928
861120
861840
861952
862400
862720
862848
863744
864768
864864
865728
865792
865920
866880
867456
868224
868320
869120
869760
870144
871200
871680
871936
872640
873216
873472
873984
874752
874944
876032
876288
876800
876960
877056
877568
878400
878688
878976
879104
879360
879616
880896
881920
882000
882432
882816
883008
883456
883584
883712
883872
884224
884352
884520
885600
886272
888000
888192
888320
888576
889600
889920
890112
890368
890624
891000
891072
892160
893376
893440
893760
894720
896256
896512
896832
896896
897408
897600
897792
898048
898304
899584
899712
899840
900480
901632
902144
902656
902880
903680
903936
903960
904192
904320
904960
905418
905728
906048
908160
908288
908928
909440
909568
910656
910848
911232
911250
911872
912640
913152
913536
913680
914112
914688
915712
916608
917280
917760
918000
918016
918400
918720
919040
920000
920064
920160
920448
920832
921024
921088
921456
922880
923136
923400
923520
923904
924000
924480
924800
925056
925184
925440
926464
926640
926976
927288
927936
928768
928800
929664
930048
930240
930304
931200
931328
932352
932864
933504
935680
935712
936192
936320
936448
936576
937440
938304
938880
938952
939520
939600
940544
941056
941184
941568
941760
942336
942592
943360
943616
944000
944384
945000
946080
946560
946688
947520
947700
947712
947968
948736
950784
951296
952000
952128
953088
953600
954240
954624
954720
954880
955136
955584
956800
957312
957600
957696
958720
959488
960256
960336
960960
961632
961792
961920
962304
963200
963584
963840
964096
964467
964800
965376
965952
966400
968000
968112
968192
968448
968832
969216
969600
969728
969984
970240
970368
971028
971136
971264
972160
973056
973728
974336
974400
975872
976000
976128
976320
976640
977184
977408
977664
978048
980000
980352
980480
981120
981760
982080
982528
982800
983552
983664
984000
984576
985608
986624
986880
987392
987552
987648
988800
990000
990080
990144
990208
990976
991744
992640
992768
993024
993792
994304
994816
995072
995840
995904
996480
997120
997248
997632
999680
