4096
6144
9216
10240
13824
14336
15360
20736
21504
22528
23040
25600
26624
31104
32256
33792
34560
34816
35840
38400
38912
39936
46656
47104
48384
50176
50688
51840
52224
53760
56320
57600
58368
59392
59904
63488
64000
66560
69984
70656
72576
75264
75776
76032
77760
78336
78848
80640
83968
84480
86400
87040
87552
88064
89088
89600
89856
93184
95232
96000
96256
97280
99840
104976
105984
108544
108864
112896
113664
114048
116640
117504
117760
118272
120832
120960
121856
123904
124928
125440
125952
126720
129600
130560
131328
132096
133632
134400
134784
136192
137216
139776
140800
142848
144000
144384
145408
145920
146432
148480
149504
149760
157464
158720
158976
160000
161792
162816
163296
164864
166400
169344
169984
170496
171072
173056
174960
175616
176256
176640
177408
181248
181440
182272
182784
185856
187392
188160
188928
189440
190080
191488
194400
195840
196992
197120
198144
198656
200448
201600
202176
204288
205824
206848
207872
209664
209920
210944
211200
214016
214272
216000
216576
217600
218112
218880
219136
219648
220160
222208
222720
223232
224000
224256
224640
226304
231424
232960
236196
238080
238464
240000
240640
242688
243200
244224
244944
247296
249600
252928
254016
254976
255744
256608
259072
259584
260096
262440
263424
264384
264960
265216
266112
268288
271360
271872
272160
273408
274176
275968
278784
280576
281088
282240
283392
284160
284672
285120
287232
291600
293760
293888
294400
295488
295680
295936
297216
297984
300672
302080
302400
303264
304640
305152
306176
306432
308224
308736
309248
309760
310272
311808
312320
313600
314496
314880
316416
316800
321024
321408
321536
324000
324864
326144
326400
326656
327168
328320
328704
329472
330240
330752
333312
333824
334080
334848
336000
336384
336896
336960
339456
340480
342016
343040
347136
349184
349440
352000
354294
354304
357120
357696
360000
360960
363520
364032
364800
366080
366336
366592
367416
369664
370688
370944
371200
373760
374400
379392
379904
381024
382464
383616
384912
386048
388608
389376
390144
391168
393660
395136
395264
396576
396800
397440
397824
399168
400000
400384
402432
403456
404480
407040
407552
407808
408240
410112
411264
412160
412672
413952
416000
416768
418176
420864
421632
422912
423360
424960
425088
426240
426496
427008
427680
430848
432128
432640
433664
437248
437400
439040
440640
440832
441600
443232
443520
443904
445824
446976
447488
451008
453120
453600
454896
455680
456704
456960
457728
459264
459648
461824
462336
463104
463872
464640
464896
465408
467712
468480
468992
470400
471744
472320
473600
474624
475200
476672
477184
478720
480256
481536
482112
482304
484352
486000
487296
489216
489472
489600
489984
490752
492480
492544
492800
493056
493568
494208
495360
496128
496640
499968
500736
501120
502272
504000
504576
504832
505344
505440
508928
509184
510720
512512
513024
514048
514560
517120
519680
520704
523264
523776
524160
524800
526336
527360
528000
529408
531441
531456
535040
535680
536544
538624
539648
540000
541440
541696
544000
545280
545792
546048
547200
547840
549120
549504
549888
550400
550912
551124
554496
555008
555520
556032
556416
556800
558080
560000
560640
561600
564224
565760
566272
567296
569088
569856
571536
572416
573696
575424
575488
577024
577368
578560
579072
579584
582400
582912
584064
585216
586752
590490
592704
592896
594864
594944
595200
596160
596736
596992
598752
600000
600064
600576
601600
603136
603648
605184
605696
606720
608000
610560
611328
611712
612360
614656
615168
616896
618240
619008
620928
624000
625152
625664
627264
628736
631296
632320
632448
634368
635040
636928
637440
637632
637952
639360
639744
640512
641024
641520
644096
646272
647680
648192
648960
649216
650240
650496
655872
656100
658560
660960
661248
662400
663040
664576
664848
665280
665856
668736
670208
670464
670720
671232
676512
677888
678400
679680
680400
681472
682344
683008
683520
685056
685440
686592
687104
688896
689472
689920
690176
692736
693504
694656
695296
695808
696960
697344
698112
701440
701568
702720
703488
705536
705600
707616
708480
710400
710656
711680
711936
712800
713728
714752
715008
715776
718080
719872
720384
722304
722944
723168
723456
723968
726528
727552
729000
730112
730944
733824
734208
734400
734720
734976
735232
736000
736128
738304
738720
738816
739200
739584
739840
740352
741312
743040
744192
744960
748544
749056
749952
751104
751616
751680
753408
754688
755200
756000
756864
757248
758016
758160
761600
762880
763392
763776
763904
765440
766080
766976
768768
769536
770560
771072
771840
773120
774400
775680
776192
777728
779520
780800
781056
781312
784000
784384
784896
785408
785664
786240
787200
789504
791040
792000
792064
794112
796672
797184
797696
799744
802560
803520
803840
804816
805376
807936
809472
809984
810000
812032
812160
812544
813056
815360
816000
816640
817920
818176
818688
819072
820800
821248
821760
822272
823680
824256
824832
825600
826368
826686
826880
831744
832512
833280
834048
834560
834624
835200
836608
837120
837632
840000
840960
842240
842400
846336
848640
849408
850944
851200
853632
854784
855040
857304
857600
858112
858624
860544
861184
862208
863136
863232
865536
866052
867840
868608
869376
871424
872960
873600
874368
876096
877824
880000
880128
882688
885248
885735
885760
886784
889056
889344
889856
891904
892296
892416
892800
894240
895104
895488
898128
899072
900000
900096
900864
902400
904704
905472
906752
907264
907776
908544
908800
910080
910336
912000
914432
915200
915840
916480
916992
917568
918540
919552
920576
921984
922624
922752
924160
925344
926720
927360
928000
928256
928512
931392
934400
934912
935936
936000
937728
938496
939008
940896
943104
944128
945152
946944
948224
948480
948672
949760
951552
951808
952560
955392
956160
956416
956448
956928
959040
959616
960768
961536
962280
965120
965632
965888
966144
969408
971520
971776
972288
973440
973824
975360
975744
977920
980992
982016
983808
984064
984150
987840
988160
991440
991872
992000
993600
994560
996352
996864
997272
997376
997920
998784
1000000
