8192
12288
18432
20480
27648
28672
30720
41472
43008
45056
46080
51200
53248
62208
64512
67584
69120
69632
71680
76800
77824
79872
93312
94208
96768
100352
101376
103680
104448
107520
112640
115200
116736
118784
119808
126976
128000
133120
139968
141312
145152
150528
151552
152064
155520
156672
157696
161280
167936
168960
172800
174080
175104
176128
178176
179200
179712
186368
190464
192000
192512
194560
199680
209952
211968
217088
217728
225792
227328
228096
233280
235008
235520
236544
241664
241920
243712
247808
249856
250880
251904
253440
259200
261120
262656
264192
267264
268800
269568
272384
274432
279552
281600
285696
288000
288768
290816
291840
292864
296960
299008
299520
314928
317440
317952
320000
323584
325632
326592
329728
332800
338688
339968
340992
342144
346112
349920
351232
352512
353280
354816
362496
362880
364544
365568
371712
374784
376320
377856
378880
380160
382976
388800
391680
393984
394240
396288
397312
400896
403200
404352
408576
411648
413696
415744
419328
419840
421888
422400
428032
428544
432000
433152
435200
436224
437760
438272
439296
440320
444416
445440
446464
448000
448512
449280
452608
462848
465920
472392
476160
476928
480000
481280
485376
486400
488448
489888
494592
499200
505856
508032
509952
511488
513216
518144
519168
520192
524880
526848
528768
529920
530432
532224
536576
542720
543744
544320
546816
548352
551936
557568
561152
562176
564480
566784
568320
569344
570240
574464
583200
587520
587776
588800
590976
591360
591872
594432
595968
601344
604160
604800
606528
609280
610304
612352
612864
616448
617472
618496
619520
620544
623616
624640
627200
628992
629760
632832
633600
642048
642816
643072
648000
649728
652288
652800
653312
654336
656640
657408
658944
660480
661504
666624
667648
668160
669696
672000
672768
673792
673920
678912
680960
684032
686080
694272
698368
698880
704000
708588
708608
714240
715392
720000
721920
727040
728064
729600
732160
732672
733184
734832
739328
741376
741888
742400
747520
748800
758784
759808
762048
764928
767232
769824
772096
777216
778752
780288
782336
787320
790272
790528
793152
793600
794880
795648
798336
800000
800768
804864
806912
808960
814080
815104
815616
816480
820224
822528
824320
825344
827904
832000
833536
836352
841728
843264
845824
846720
849920
850176
852480
852992
854016
855360
861696
864256
865280
867328
874496
874800
878080
881280
881664
883200
886464
887040
887808
891648
893952
894976
902016
906240
907200
909792
911360
913408
913920
915456
918528
919296
923648
924672
926208
927744
929280
929792
930816
935424
936960
937984
940800
943488
944640
947200
949248
950400
953344
954368
957440
960512
963072
964224
964608
968704
972000
974592
978432
978944
979200
979968
981504
984960
985088
985600
986112
987136
988416
990720
992256
993280
999936
