16384
24576
36864
40960
55296
57344
61440
82944
86016
90112
92160
102400
106496
124416
129024
135168
138240
139264
143360
153600
155648
159744
186624
188416
193536
200704
202752
207360
208896
215040
225280
230400
233472
237568
239616
253952
256000
266240
279936
282624
290304
301056
303104
304128
311040
313344
315392
322560
335872
337920
345600
348160
350208
352256
356352
358400
359424
372736
380928
384000
385024
389120
399360
419904
423936
434176
435456
451584
454656
456192
466560
470016
471040
473088
483328
483840
487424
495616
499712
501760
503808
506880
518400
522240
525312
528384
534528
537600
539136
544768
548864
559104
563200
571392
576000
577536
581632
583680
585728
593920
598016
599040
629856
634880
635904
640000
647168
651264
653184
659456
665600
677376
679936
681984
684288
692224
699840
702464
705024
706560
709632
724992
725760
729088
731136
743424
749568
752640
755712
757760
760320
765952
777600
783360
787968
788480
792576
794624
801792
806400
808704
817152
823296
827392
831488
838656
839680
843776
844800
856064
857088
864000
866304
870400
872448
875520
876544
878592
880640
888832
890880
892928
896000
897024
898560
905216
925696
931840
944784
952320
953856
960000
962560
970752
972800
976896
979776
989184
998400
