512
768
1152
1280
1728
1792
1920
2592
2688
2816
2880
3200
3328
3888
4032
4224
4320
4352
4480
4800
4864
4992
5832
5888
6048
6272
6336
6480
6528
6720
7040
7200
7296
7424
7488
7936
8000
8320
8748
8832
9072
9408
9472
9504
9720
9792
9856
10080
10496
10560
10800
10880
10944
11008
11136
11200
11232
11648
11904
12000
12032
12160
12480
13122
13248
13568
13608
14112
14208
14256
14580
14688
14720
14784
15104
15120
15232
15488
15616
15680
15744
15840
16200
16320
16416
16512
16704
16800
16848
17024
17152
17472
17600
17856
18000
18048
18176
18240
18304
18560
18688
18720
19683
19840
19872
20000
20224
20352
20412
20608
20800
21168
21248
21312
21384
21632
21870
21952
22032
22080
22176
22656
22680
22784
22848
23232
23424
23520
23616
23680
23760
23936
24300
24480
24624
24640
24768
24832
25056
25200
25272
25536
25728
25856
25984
26208
26240
26368
26400
26752
26784
27000
27072
27200
27264
27360
27392
27456
27520
27776
27840
27904
28000
28032
28080
28288
28928
29120
29760
29808
30000
30080
30336
30400
30528
30618
30912
31200
31616
31752
31872
31968
32076
32384
32448
32512
32805
32928
33048
33120
33152
33264
33536
33920
33984
34020
34176
34272
34496
34848
35072
35136
35280
35424
35520
35584
35640
35904
36450
36720
36736
36800
36936
36960
36992
37152
37248
37584
37760
37800
37908
38080
38144
38272
38304
38528
38592
38656
38720
38784
38976
39040
39200
39312
39360
39552
39600
40128
40176
40192
40500
40608
40768
40800
40832
40896
41040
41088
41184
41280
41344
41664
41728
41760
41856
42000
42048
42112
42120
42432
42560
42752
42880
43392
43648
43680
44000
44288
44640
44712
45000
45120
45440
45504
45600
45760
45792
45824
45927
46208
46336
46368
46400
46720
46800
47424
47488
47628
47808
47952
48114
48256
48576
48672
48768
48896
49392
49408
49572
49600
49680
49728
49896
50000
50048
50304
50432
50560
50880
50944
50976
51030
51264
51408
51520
51584
51744
52000
52096
52272
52608
52704
52864
52920
53120
53136
53280
53312
53376
53460
53856
54016
54080
54208
54656
54675
54880
55080
55104
55200
55404
55440
55488
55728
55872
55936
56376
56640
56700
56862
56960
57088
57120
57216
57408
57456
57728
57792
57888
57984
58080
58112
58176
58464
58560
58624
58800
58968
59040
59200
59328
59400
59584
59648
59840
60032
60192
60264
60288
60544
60750
60912
61152
61184
61200
61248
61344
61560
61568
61600
61632
61696
61776
61920
62016
62080
62496
62592
62640
62784
63000
63072
63104
63168
63180
63616
63648
63840
64064
64128
64256
64320
64640
64960
65088
65408
65472
65520
65600
65792
65920
66000
66176
66432
66880
66960
67068
67328
67456
67500
67680
67712
68000
68160
68224
68256
68400
68480
68640
68688
68736
68800
68864
69312
69376
69440
69504
69552
69600
69760
70000
70080
70200
70528
70720
70784
70912
71136
71232
71442
71552
71712
71928
71936
72128
72171
72320
72384
72448
72800
72864
73008
73152
73344
74088
74112
74358
74368
74400
74520
74592
74624
74844
75000
75008
75072
75200
75392
75456
75648
75712
75840
76000
76320
76416
76464
76545
76832
76896
77112
77280
77376
77616
78000
78144
78208
78408
78592
78912
79040
79056
79296
79380
79616
79680
79704
79744
79920
79968
80064
80128
80190
80512
80784
80960
81024
81120
81152
81280
81312
81984
82320
82620
82656
82800
82880
83072
83106
83160
83232
83592
83776
83808
83840
83904
84564
84736
84800
84960
85050
85184
85293
85376
85440
85632
85680
85824
85888
86112
86184
86240
86272
86592
86688
86832
86912
86976
87120
87168
87264
87680
87696
87840
87936
88192
88200
88452
88560
88800
88832
88960
88992
89100
89216
89344
89376
89472
89760
89984
90048
90288
90368
90396
90432
90496
90816
90944
91125
91264
91368
91728
91776
91800
91840
91872
91904
92000
92016
92288
92340
92352
92400
92448
92480
92544
92664
92880
93024
93120
93568
93632
93744
93888
93952
93960
94176
94336
94400
94500
94608
94656
94752
94770
95200
95360
95424
95472
95488
95680
95760
95872
96096
96192
96320
96384
96480
96640
96800
96960
97024
97216
97440
97600
97632
97664
98000
98048
98112
98176
98208
98280
98400
98688
98880
99000
99008
99264
99584
99648
99712
99968
100320
100440
100480
100602
100672
100992
101184
101248
101250
101504
101520
101568
101632
101920
102000
102080
102240
102272
102336
102384
102600
102656
102720
102784
102960
103032
103104
103200
103296
103360
103968
104064
104160
104256
104320
104328
104400
104576
104640
104704
105000
105120
105280
105300
105792
106080
106176
106368
106400
106704
106848
106880
107163
107200
107264
107328
107568
107648
107776
107892
107904
108192
108480
108576
108672
108928
109120
109200
109296
109512
109728
110000
110016
110336
110656
110720
110848
111132
111168
111232
111488
111537
111552
111600
111780
111888
111936
112266
112384
112500
112512
112608
112800
113088
113184
113344
113408
113472
113568
113600
113760
113792
114000
114304
114400
114480
114560
114624
114696
114944
115072
115248
115328
115344
115520
115668
115840
115920
116000
116032
116064
116424
116800
116864
116992
117000
117216
117312
117376
117612
117888
118016
118144
118368
118528
118560
118584
118720
118944
118976
119070
119424
119520
119552
119556
119616
119880
119952
120096
120192
120285
120640
120704
120736
120768
121176
121440
121472
121536
121680
121728
121920
121968
122240
122624
122752
122976
123008
123480
123520
123930
123984
124000
124200
124320
124544
124608
124659
124672
124740
124848
125000
125120
125312
125388
125664
125696
125712
125760
125856
126080
126400
126592
126846
127104
127200
127360
127440
127575
127744
127776
128064
128160
128384
128448
128520
128576
128736
128768
128800
128832
128896
128960
129168
129276
129360
129408
129472
129888
130000
130032
130240
130248
130304
130368
130464
130680
130752
130896
131456
131520
131544
131648
131760
131904
132160
132288
132300
132678
132736
132800
132840
133200
133248
133280
133376
133440
133488
133504
133650
133824
133888
133952
134016
134064
134208
134640
134848
134976
135040
135072
135200
135296
135432
135520
135552
135594
135648
135744
136224
136416
136576
136640
136896
137052
137200
137344
137592
137664
137700
137760
137808
137856
138000
138024
138112
138368
138432
138496
138510
138528
138600
138672
138720
138816
138996
139320
139536
139680
139840
140032
140352
140448
140608
140616
140672
140832
140928
140940
141264
141504
141600
141750
141912
141984
142128
142155
142208
142400
142592
142688
142720
142800
142912
143040
143136
143208
143232
143488
143520
143640
143808
144128
144144
144288
144320
144480
144576
144704
144720
144960
145024
145200
145280
145440
145536
145664
145792
145824
146048
146160
146176
146400
146448
146496
146560
146816
147000
147072
147136
147168
147264
147312
147392
147420
147600
147712
148000
148032
148096
148320
148352
148500
148512
148896
148960
149120
149376
149472
149568
149600
149632
149952
150080
150272
150480
150656
150660
150720
150903
151008
151360
151488
151776
151808
151872
151875
152192
152256
152280
152352
152448
152768
152880
152960
153000
153120
153344
153360
153408
153472
153504
153576
153856
153900
153920
153984
154000
154080
154176
154240
154440
154496
154548
154656
154800
154944
155008
155040
155200
155392
155584
155952
156032
156096
156240
156384
156480
156492
156600
156864
156928
156960
157056
157500
157680
157760
157920
157950
157952
158464
158688
158848
159040
159104
159120
159264
159552
159600
159616
160056
160160
160272
160320
160384
160640
160800
160896
160992
161352
161408
161472
161536
161600
161664
161728
161838
161856
162176
162288
162400
162688
162720
162864
162944
163008
163392
163520
163680
163800
163944
164000
164096
164268
164480
164592
164608
164800
165000
165024
165440
165504
165632
165984
166080
166208
166272
166698
166752
166848
167168
167200
167232
167328
167400
167670
167832
167904
168064
168320
168399
168576
168640
168704
168750
168768
168896
168912
169200
169216
169280
169632
169776
170000
170016
170112
170208
170352
170400
170560
170624
170640
170688
171000
171136
171200
171392
171456
171600
171720
171840
171904
171936
172000
172044
172160
172288
172416
172608
172672
172872
172928
172992
173016
173280
173312
173440
173502
173600
173696
173760
173880
173888
174000
174048
174096
174400
174464
174636
174848
175000
175168
175200
175232
175296
175488
175500
175824
175968
176064
176320
176418
176512
176800
176832
176896
176960
177024
177216
177280
177536
177552
177792
177840
177876
178048
178080
178112
178304
178416
178464
178605
178816
178880
179136
179280
179328
179334
179424
179456
179584
179820
179840
179928
180144
180288
180320
180544
180608
180800
180960
181056
181104
181120
181152
181376
181504
181764
182000
182160
182208
182304
182336
182520
182592
182880
182952
183360
183872
183936
184064
184128
184448
184464
184512
185024
185220
185280
185895
185920
185976
186000
186112
186300
186480
186496
186560
186592
186816
186912
187008
187110
187272
187500
187520
187648
187680
187968
188000
188032
188082
188480
188496
188544
188568
188640
188784
189056
189120
189184
189280
189600
189728
189888
190000
190208
190269
190656
190800
191040
191160
191296
191616
191664
192080
192096
192128
192240
192256
192576
192672
192780
192864
192896
193104
193152
193200
193248
193344
193440
193664
193752
193792
193914
194040
194112
194176
194208
194816
194832
195000
195048
195360
195372
195456
195520
195552
195696
195712
195776
196020
196128
196344
196480
196736
196864
197184
197248
197280
197316
197472
197600
197640
197856
197888
198240
198432
198450
199017
199040
199104
199200
199260
199360
199800
199808
199872
199920
200064
200160
200232
200256
200320
200475
200736
200832
200928
201024
201096
201280
201312
201472
201856
201960
202048
202272
202400
202464
202560
202608
202800
202880
202944
203148
203200
203280
203328
203391
203392
203456
203472
203616
203648
204032
204336
204624
204864
204960
205184
205344
205504
205578
205800
206016
206388
206496
206550
206640
206712
206784
207000
207036
207104
207168
207200
207552
207616
207648
207680
207744
207765
207792
207900
208008
208080
208224
208494
208544
208768
208980
209024
209304
209440
209520
209600
209760
209792
210048
210112
210176
210304
210496
210528
210672
210688
210912
210924
211008
211072
211248
211328
211392
211410
211712
211840
211896
211904
212000
212224
212256
212400
212608
212625
212868
212960
212976
213192
213312
213440
213600
213888
214032
214080
214144
214200
214368
214560
214704
214720
214784
214812
214848
214912
215168
215232
215280
215460
215488
215600
215680
215712
215936
216192
216216
216432
216448
216480
216720
216864
217056
217080
217280
217440
217536
217800
217920
217984
218160
218304
218368
218496
218688
218736
219008
219072
219200
219240
219264
219392
219600
219672
219744
219776
219840
219904
220224
220480
220500
220608
220704
220752
220864
220896
220928
220968
221056
221088
221130
221400
221568
222000
222048
222080
222144
222400
222480
222528
222592
222656
222750
222768
223040
223344
223360
223440
223680
224064
224128
224208
224224
224352
224400
224448
224512
224576
224896
224928
224960
225120
225408
225536
225664
225720
225920
225984
225990
226048
226080
226240
226432
226512
227040
227072
227232
227360
227392
227664
227712
227808
227968
228160
228288
228384
228420
228528
228672
228928
229152
229320
229440
229500
229504
229600
229680
229760
230000
230016
230040
230112
230208
230256
230272
230364
230720
230784
230850
230880
230976
231000
231120
231200
231264
231296
231360
231616
231660
231744
231822
231984
232192
232200
232416
232512
232560
232576
232800
232832
233088
233216
233376
233920
233928
234048
234080
234112
234144
234360
234576
234720
234738
234880
234900
235136
235264
235296
235392
235440
235584
235648
235840
235904
236000
236096
236250
236520
236640
236672
236880
236925
236928
236992
237184
237696
237824
238000
238032
238272
238400
238560
238656
238680
238720
238784
238896
239200
239328
239400
239424
239680
239872
240064
240084
240240
240408
240448
240480
240576
240800
240896
240960
241024
241200
241344
241488
241600
242000
242028
242048
242112
242208
242304
242400
242432
242496
242560
242592
242757
242784
242816
243040
243264
243432
243584
243600
243968
244000
244032
244080
244160
244296
244352
244416
244512
245000
245088
245120
245280
245440
245520
245632
245700
245888
245916
246000
246144
246402
246656
246720
246848
246888
246912
247200
247500
247520
247536
247552
247744
247936
248160
248192
248256
248448
248576
248704
248768
248960
248976
249120
249280
249312
249408
249920
250047
250112
250128
250272
250432
250496
250752
250800
250848
250992
251008
251100
251200
251264
251505
251648
251680
251748
251776
251856
252032
252096
252448
252480
252864
252960
253056
253120
253125
253152
253344
253368
253568
253696
253760
253800
253824
253920
254080
254144
254448
254664
254800
254848
255000
255024
255168
255200
255232
255312
255528
255600
255680
255840
255936
255960
256032
256500
256640
256704
256800
256960
257088
257184
257400
257580
257760
257856
257904
258000
258066
258240
258304
258400
258432
258624
258688
258912
259008
259308
259328
259392
259488
259524
259920
259968
260160
260224
260253
260288
260400
260544
260640
260800
260820
260832
260864
261000
261072
261144
261184
261248
261376
261440
261600
261696
261760
261954
262016
262272
262500
262528
262752
262800
262848
262944
263200
263232
263250
263552
263736
263872
263936
263952
264096
264448
264480
264627
264768
264992
265088
265200
265248
265344
265408
265440
265536
265824
265856
265920
265984
266000
266304
266328
266688
266760
266814
267072
267120
267168
267200
267456
267624
267696
268000
268160
268224
268320
268544
268704
268736
268912
268920
268928
268992
269001
269056
269120
269136
269184
269376
269440
269730
269760
269892
270216
270432
270480
270816
270912
270976
271200
271232
271440
271584
271616
271656
271680
271728
271744
272064
272128
272256
272320
272646
272800
273000
273240
273312
273456
273504
273664
273728
273780
273888
274320
274428
274816
275000
275040
275072
275264
275808
275840
275904
276096
276192
276352
276640
276672
276696
276768
276800
277120
277376
277536
277830
277888
277920
278080
278144
278272
278656
278720
278880
278964
279000
279104
279168
279296
279424
279450
279720
279744
279808
279840
279888
280192
280224
280368
280448
280512
280665
280832
280908
280960
281250
281280
281472
281520
281728
281792
281952
282000
282048
282123
282368
282720
282744
282752
282816
282852
282960
283176
283360
283520
283584
283680
283712
283776
283904
283920
284000
284032
284400
284480
284592
284832
285000
285056
285312
285568
285760
285952
285984
286000
286200
286400
286528
286560
286740
286944
287360
287424
287488
287496
287680
287872
288120
288144
288192
288320
288360
288384
288800
288864
288896
289008
289024
289170
289296
289344
289600
289656
289664
289728
289800
289872
290000
290016
290080
290160
290496
290628
290688
290752
290871
291060
291168
291264
291312
291712
292000
292160
292224
292248
292480
292500
292572
293040
293058
293184
293216
293248
293280
293328
293440
293544
293568
293664
294030
294192
294516
294656
294720
295040
295104
295168
295296
295360
295776
295872
295920
295974
296208
296320
296400
296460
296576
296784
296800
296832
297088
297344
297360
297440
297648
297675
297728
297856
298112
298144
298560
298656
298800
298816
298880
298890
299040
299700
299712
299776
299808
299880
300096
300240
300348
300352
300384
300480
300608
301104
301184
301248
301392
301536
301600
301644
301760
301840
301920
301952
301968
302208
302336
302464
302784
302940
303072
303232
303408
303600
303680
303696
303840
303872
303912
304192
304200
304320
304416
304722
304800
304920
304992
305088
305184
305208
305408
305424
305472
305600
306048
306504
306560
306880
306936
307296
307440
307456
307520
307648
307776
308016
308096
308256
308367
308672
308700
308800
308864
309024
309582
309632
309744
309825
309960
310000
310068
310176
310500
310528
310554
310656
310752
310800
310912
311328
311360
311424
311472
311520
311552
311616
311680
311688
311850
312012
312120
312256
312336
312500
312704
312741
312800
312816
313088
313152
313280
313470
313472
313536
313664
313956
313984
314160
314240
314280
314400
314432
314624
314640
314688
314944
315008
315072
315136
315168
315200
315264
315456
315744
315792
316000
316008
316032
316288
316368
316386
316480
316512
316608
316672
316736
316872
316992
317088
317115
317312
317504
317568
317760
317824
317844
317856
318000
318304
318336
318384
318400
318592
318600
318848
318912
319302
319360
319424
319440
319464
319616
319744
319788
319968
320128
320160
320400
320832
320896
320960
321048
321120
321152
321216
321300
321440
321552
321664
321840
321920
322000
322056
322080
322176
322218
322240
322272
322304
322368
322400
322432
322752
322848
322920
323008
323190
323232
323400
323520
323568
323680
323904
324224
324288
324324
324648
324672
324720
324736
325000
325080
325296
325312
325584
325600
325620
325760
325920
326160
326304
326700
326880
326912
326976
327240
327424
327456
327488
327552
327712
327744
327808
328032
328064
328104
328448
328512
328576
328608
328640
328800
328832
328860
328896
329088
329120
329344
329400
329508
329616
329664
329760
329856
329984
330176
330336
330368
330400
330496
330720
330750
330912
331056
331128
331136
331296
331344
331392
331452
331584
331632
331695
331840
332000
332032
332100
332352
332672
332992
333000
333056
333072
333120
333184
333200
333216
333440
333568
333600
333720
333760
333792
333888
333984
334125
334152
334208
334560
334592
334720
334880
335016
335040
335160
335296
335520
335552
335744
336096
336192
336256
336312
336336
336512
336528
336600
336672
336768
336864
337120
337344
337392
337440
337600
337664
337680
338000
338048
338112
338176
338240
338304
338496
338580
338624
338800
338880
338976
338985
339072
339120
339328
339360
339584
339648
339712
339768
340256
340560
340608
340848
341040
341088
341440
341496
341568
341600
341632
341712
341824
341952
342240
342432
342576
342630
342792
343000
343008
343168
343360
343392
343616
343728
343980
344160
344250
344256
344400
344520
344640
345000
345024
345060
345168
345280
345312
345384
345408
345546
345728
345920
346080
346176
346240
346275
346320
346464
346500
346528
346680
346800
346896
346944
347040
347072
347424
347490
347616
347733
347976
348288
348300
348416
348544
348624
348768
348840
348864
348992
349200
349248
349600
349632
349824
349888
349952
350064
350080
350880
350892
351072
351104
351120
351168
351216
351424
351488
351520
351540
351616
351680
351864
352080
352107
352320
352350
352352
352704
352896
352944
353088
353152
353160
353376
353408
353472
353536
353760
353856
354000
354144
354368
354375
354688
354780
354944
354960
355008
355264
355320
355392
355488
355520
355712
355776
356000
356480
356544
356720
356736
356800
357000
357048
357280
357408
357600
357840
357952
357984
358020
358080
358144
358176
358344
358720
358800
358992
359100
359136
359296
359520
359552
359744
359808
360064
360096
360126
360320
360360
360612
360672
360704
360720
360800
360864
361200
361344
361440
361536
361760
361800
361856
362016
362232
362368
362400
362560
363000
363042
363072
363168
363200
363312
363392
363456
363584
363600
363648
363744
363840
363888
363968
364160
364176
364224
364288
364480
364560
364896
365120
365148
365312
365376
365400
365440
365824
365952
366000
366016
366048
366120
366240
366400
366444
366464
366528
366624
366768
366848
366976
367040
367232
367500
367632
367680
367840
367920
368160
368280
368384
368448
368480
368550
368768
368832
368874
369000
369216
369280
369603
369984
370000
370080
370240
370272
370304
370332
370368
370432
370800
370880
371008
371072
371250
371280
371304
371328
371456
371616
371904
371968
372240
372288
372384
372400
372416
372608
372672
372800
372864
373056
373152
373440
373464
373504
373680
373888
373920
373968
374000
374080
374112
374144
374880
374912
375168
375192
375200
375232
375408
375424
375648
375680
375744
376128
376200
376272
376448
376488
376512
376576
376640
376650
376768
376800
376896
377216
377472
377520
377622
377664
377728
377784
378048
378144
378400
378672
378720
378752
379136
379296
379440
379520
379584
379648
379680
379728
380016
380052
380352
380480
380544
380640
380672
380700
380736
380880
381056
381120
381184
381216
381248
381568
381672
381824
381920
381996
382200
382208
382272
382336
382400
382500
382536
382752
382800
382848
382968
383104
383292
383360
383400
383520
383680
383744
383760
383904
383940
384048
384640
384750
384800
384896
384960
385000
385056
385200
385440
385600
385632
385664
385776
386100
386176
386240
386370
386640
386784
386816
386856
387000
387099
387296
387360
387456
387520
387600
387648
387712
387904
387936
387968
388000
388032
388368
388480
388512
388960
388962
388992
389088
389232
389286
389312
389504
389880
389888
389952
390016
390080
390208
390240
390336
390432
390600
390784
390816
390960
391200
391230
391248
391296
391500
391608
391716
391776
391872
391936
392064
392160
392320
392400
392544
392640
392768
392931
393024
393088
393344
393408
393536
393750
393792
393856
394128
394200
394272
394400
394416
394800
394848
394875
394880
395008
395328
395604
395648
395808
395904
395928
396144
396160
396416
396544
396672
396704
396720
396928
397120
397152
397184
397488
397568
397600
397632
397696
397760
397800
397872
398016
398112
398160
398272
398304
398464
398736
398784
398880
398976
399000
399040
399104
399456
399492
400032
400064
400140
400192
400221
400256
400400
400608
400680
400752
400768
400800
400960
401024
401152
401184
401436
401544
401600
401792
402000
402176
402240
402304
402336
402480
402752
402816
403056
403072
403104
403328
403368
403380
403392
403488
403520
403584
403648
403680
403704
403776
403840
404000
404064
404160
404224
404320
404595
404608
404640
404838
405248
405324
405440
405648
405720
406000
406112
406144
406224
406368
406464
406720
406800
406848
407160
407360
407376
407424
407484
407520
407592
407616
408096
408192
408384
408480
408704
408800
408832
408969
409024
409200
409216
409472
409500
409856
409860
409968
410000
410176
410184
410240
410256
410432
410496
410592
410670
410816
410832
411200
411392
411480
411520
411642
411904
412000
412224
412500
412544
412560
412608
412896
412928
413056
413504
413600
413712
413760
413824
413856
414080
414144
414288
414464
414528
414592
414656
414848
414960
414976
415008
415044
415152
415200
415520
415616
415680
416064
416304
416416
416512
416745
416832
416880
417120
417216
417408
417664
417920
417984
418000
418080
418320
418432
418446
418500
418656
418752
418944
419072
419136
419175
419456
419580
419616
419712
419760
419832
419968
420160
420288
420336
420552
420672
420736
420768
420800
421248
421362
421440
421504
421600
421760
421875
421920
422208
422240
422280
422464
422576
422592
422688
422928
423000
423040
423072
423200
423552
424080
424116
424128
424192
424224
424278
424440
424576
424764
425000
425040
425152
425280
425376
425408
425520
425568
425664
425728
425856
425880
426000
426048
426400
426560
426600
426720
426752
426888
427136
427248
427264
427500
427584
427648
427840
427968
428000
428352
428480
428640
428672
428928
428976
429000
429184
429300
429600
429632
429760
429792
429840
430000
430110
430144
430400
430416
430528
430720
431040
431136
431232
431244
431520
431680
431808
432180
432216
432256
432288
432320
432480
432512
432540
432576
433024
433200
433280
433296
433344
433408
433512
433536
433600
433755
433944
434000
434016
434240
434400
434432
434484
434496
434592
434700
434720
434808
434816
434944
435000
435024
435120
435240
435328
435584
435744
435904
435942
436000
436032
436128
436160
436352
436590
436752
436896
436968
437120
437500
437504
437568
437632
437888
437920
438000
438080
438240
438336
438372
438464
438592
438656
438720
438750
438858
438976
439168
439560
439587
439776
439824
439872
439920
439936
439992
440128
440160
440192
440316
440352
440496
440576
440704
440800
441045
441088
441280
441288
441774
441984
442000
442080
442240
442400
442560
442656
442752
442816
442944
443040
443072
443200
443456
443648
443664
443808
443840
443880
443961
444312
444480
444544
444600
444690
444864
445120
445176
445200
445248
445280
445568
445632
445696
445760
446016
446040
446160
446336
446472
446592
446784
447040
447104
447168
447200
447216
447232
447616
447840
447984
448200
448224
448320
448335
448384
448560
448640
448768
448960
449344
449550
449568
449600
449664
449712
449820
450016
450144
450304
450360
450522
450528
450576
450688
450720
450800
450912
450944
451136
451360
451520
451656
451776
451872
452000
452088
452304
452400
452466
452640
452760
452800
452880
452928
452952
453152
453312
453440
453504
453696
453760
454176
454410
454528
454608
454848
454912
455000
455112
455400
455520
455544
455760
455808
455840
455868
456064
456288
456300
456448
456480
456624
456832
456896
457083
457200
457380
457472
457488
457632
457776
457812
457984
458112
458136
458208
458400
458432
459072
459136
459392
459680
459756
459840
460096
460160
460320
460404
460672
460768
460928
460944
461056
461120
461160
461184
461280
461472
461664
462024
462144
462208
462384
462560
463008
463050
463200
463296
463536
463616
464373
464448
464512
464576
464616
464800
464940
465000
465088
465102
465264
465280
465750
465792
465831
465984
466048
466128
466200
466240
466368
466400
466480
466688
466816
466992
467040
467072
467136
467208
467264
467280
467328
467424
467520
467532
467584
467775
468018
468180
468384
468504
468512
468608
468736
468750
468800
468832
469056
469120
469200
469224
469376
469568
469632
469728
469920
470000
470080
470205
470208
470304
470496
470912
470934
470976
471200
471240
471360
471420
471424
471600
471648
471936
471960
471968
472032
472384
472416
472512
472608
472640
472704
472752
472800
472832
472896
472960
473184
473200
473536
473616
473688
474000
474012
474048
474320
474432
474496
474552
474579
474720
474768
474912
475000
475008
475104
475264
475308
475456
475488
475520
475632
475968
476256
476288
476352
476416
476640
476736
476766
476784
477000
477456
477504
477576
477600
477888
477900
477952
478016
478240
478272
478336
478368
478953
478976
479040
479104
479136
479160
479196
479424
479488
479616
479682
479872
479952
480192
480200
480240
480320
480512
480600
480640
480704
481024
481248
481344
481440
481572
481664
481680
481728
481824
481950
482160
482240
482328
482496
482760
482880
483000
483084
483120
483264
483327
483360
483392
483408
483456
483552
483584
483600
483648
483968
484128
484160
484272
484288
484380
484480
484512
484736
484785
484848
485056
485100
485248
485280
485352
485440
485520
485856
486272
486336
486432
486486
486656
486972
487008
487040
487080
487104
487500
487552
487620
487808
487944
487968
488192
488376
488400
488430
488576
488640
488800
488880
489240
489280
489440
489456
489728
489856
490048
490050
490112
490320
490368
490464
490688
490860
491136
491184
491200
491232
491328
491392
491568
491616
491648
491712
491840
492048
492096
492128
492156
492160
492352
492672
492768
492864
492912
492960
493120
493200
493248
493290
493344
493632
493680
493952
494000
494016
494100
494262
494336
494424
494496
494640
494720
494784
494848
494912
494976
495232
495264
495504
495552
495600
495744
496080
496125
496368
496584
496692
496704
496944
497016
497024
497088
497178
497376
497448
497600
497728
497760
498000
498048
498150
498304
498400
498528
498944
499008
499072
499328
499408
499456
499488
499500
499520
499584
499608
499680
499776
499800
499824
500160
500192
500352
500400
500580
500640
500688
500800
500832
500976
501228
501312
501840
501888
501952
502080
502208
502320
502524
502560
502740
502944
503200
503280
503328
503616
503680
503936
504144
504288
504384
504448
504468
504504
504640
504768
504792
504900
505008
505088
505120
505152
505296
505472
505680
505984
506000
506016
506088
506160
506400
506464
506496
506520
506624
506752
507000
507008
507072
507168
507200
507264
507360
507456
507584
507744
507870
507936
508000
508200
508320
508352
508464
508480
508544
508608
508640
508672
508680
508992
509040
509056
509120
509312
509376
509472
509568
509652
509824
510080
510208
510272
510384
510840
510848
510912
511168
511232
511272
511560
511616
511632
511744
512160
512244
512352
512400
512448
512568
512736
512768
512928
512960
513152
513360
513648
513760
513856
513864
513945
514188
514500
514512
514624
514752
514816
514976
515040
515088
515424
515592
515872
515968
515970
516224
516240
516352
516375
516384
516600
516736
516780
516960
516992
517500
517504
517536
517590
517752
517760
517920
517968
518000
518076
518112
518319
518336
518592
518848
518880
518912
519040
519120
519200
519232
519264
519360
519424
519480
519696
519750
519792
519808
520020
520064
520200
520344
520416
520560
520608
520832
521136
521235
521360
521424
521920
521964
521984
522432
522450
522560
522624
522816
522936
523136
523152
523260
523296
523328
523488
523600
523712
523800
523872
524000
524400
524416
524448
524480
524736
524832
524928
525096
525120
525184
525280
525440
525568
525760
525952
526240
526320
526338
526608
526656
526680
526720
526752
526824
526976
527136
527232
527280
527296
527310
527424
527488
527520
527680
527796
528120
528128
528320
528480
528525
528528
529056
529280
529344
529416
529600
529632
529664
529728
529740
529760
530000
530048
530064
530112
530208
530304
530560
530640
530784
531000
531216
531328
531392
531520
531552
532032
532170
532400
532416
532440
532512
532672
532736
532864
532896
532980
533088
533232
533248
533280
533568
533600
533632
533664
533888
534000
534272
534688
534720
534784
534816
535080
535104
535168
535200
535360
535424
535500
535572
535920
535936
536112
536192
536384
536400
536704
536760
536800
536928
536960
536976
537030
537120
537152
537216
537264
537280
537344
537516
537920
538080
538200
538488
538496
538650
538704
538720
538944
539000
539200
539264
539280
539328
539616
539712
539840
539968
540096
540144
540189
540416
540480
540540
540544
540736
540918
540928
541008
541056
541080
541120
541200
541296
541800
542016
542160
542304
542336
542528
542640
542700
542784
543024
543200
543348
543552
543600
543616
543840
543872
544500
544544
544563
544608
544752
544800
544960
544968
545024
545088
545184
545376
545400
545472
545536
545616
545760
545832
545920
545952
546112
546176
546240
546264
546336
546432
546720
546840
547072
547344
547520
547680
547712
547722
547968
548000
548064
548096
548100
548160
548416
548480
548608
548736
548928
549000
549024
549072
549180
549248
549360
549440
549600
549666
549696
549760
549792
549824
549936
550152
550272
550464
550560
550784
550848
551168
551200
551250
551296
551448
551520
551552
551760
551880
552064
552160
552240
552320
552420
552576
552640
552672
552720
552825
552832
553088
553152
553216
553248
553311
553500
553696
553824
553920
554368
554624
554944
554976
555000
555120
555200
555360
555408
555456
555498
555552
555648
555904
555968
556000
556200
556320
556480
556512
556608
556640
556864
556875
556920
556928
556956
556992
557184
557424
557600
557824
557856
557952
558272
558360
558400
558432
558576
558600
558624
558656
558912
558976
559008
559200
559232
559296
559584
559728
560160
560196
560256
560320
560512
560520
560560
560768
560832
560880
560952
561000
561120
561168
561216
561280
561344
561440
561536
562240
562304
562320
562368
562400
562496
562752
562788
562800
562848
563072
563112
563136
563472
563520
563616
563840
563968
564160
564192
564300
564408
564608
564672
564732
564768
564800
564864
564928
564960
564975
564992
565120
565152
565200
565312
565344
565376
565600
565824
566048
566080
566208
566280
566433
566496
566528
566592
566656
566676
566912
567072
567216
567600
567616
567680
568008
568080
568128
568192
568400
568480
568576
568704
568944
569160
569280
569376
569408
569472
569520
569592
569920
569984
570024
570078
570304
570400
570528
570720
570816
570960
571008
571050
571104
571320
571584
571680
571776
571824
571872
572032
572288
572320
572352
572508
572672
572736
572880
572994
573184
573248
573300
573312
573376
573408
573504
573600
573750
573760
573804
574000
574128
574200
574208
574272
574336
574400
574452
574592
574656
574938
575000
575040
575100
575168
575280
575520
575552
575616
575640
575680
575856
575872
575910
576072
576128
576256
576800
576960
577125
577200
577344
577408
577440
577500
577584
577800
578000
578160
578240
578400
578448
578496
578664
579040
579150
579264
579360
579555
579712
579904
579960
579968
580176
580224
580284
580352
580480
580500
580736
580864
580944
581040
581184
581248
581280
581400
581440
581472
581568
581728
581856
581888
581904
581952
582000
582048
582080
582552
582720
582768
582784
583040
583440
583443
583488
583552
583632
583848
583929
583936
583968
584256
584800
584820
584832
584896
584928
585024
585088
585120
585200
585280
585312
585344
585360
585472
585504
585648
585856
585900
586112
586176
586224
586440
586800
586845
586872
586944
587008
587200
587250
587392
587412
587574
587664
587808
587840
587904
588032
588096
588160
588224
588240
588480
588600
588816
588928
588960
589120
589152
589536
589600
589632
589696
589760
589952
590000
590016
590112
590240
590304
590464
590625
590688
590784
591104
591136
591192
591232
591300
591408
591600
591616
591624
591680
592064
592200
592256
592272
592320
592480
592512
592768
592960
592992
593024
593216
593406
593472
593712
593856
593892
594216
594240
594560
594624
594816
595000
595008
595056
595080
595392
595680
595728
595776
596000
596232
596352
596400
596448
596544
596608
596640
596700
596800
596808
596960
597024
597168
597184
597240
597248
597376
597408
597456
597696
598000
598104
598176
598320
598464
598500
598560
598656
598784
598976
599104
599168
599184
599200
599238
599296
599488
599680
599872
599936
600048
600096
600160
600210
600288
600384
600600
600832
600912
601020
601120
601128
601152
601200
601440
601472
601536
601664
601728
601776
601856
602000
602154
602240
602316
602400
602560
602688
602752
603000
603008
603264
603360
603392
603456
603504
603720
603776
604000
604128
604224
604352
604584
604608
604656
604992
605000
605052
605056
605070
605088
605120
605232
605248
605280
605376
605472
605520
605556
605664
605760
606000
606080
606096
606240
606336
606400
606480
606592
606848
606912
606960
606976
607040
607257
607600
607616
607872
607936
607986
608160
608192
608472
608512
608580
608608
608896
608960
609000
609168
609216
609336
609536
609552
609664
609696
609920
610000
610048
610080
610200
610272
610400
610432
610624
610688
610740
610880
611040
611064
611136
611226
611280
611388
611424
611456
611584
611776
611968
612144
612288
612500
612576
612608
612720
612800
613056
613088
613184
613200
613248
613312
613536
613600
613800
613824
614080
614144
614208
614250
614720
614784
614790
614952
615000
615264
615276
615360
615384
615648
615744
615808
615888
616005
616224
616248
616640
616800
616832
617088
617120
617216
617220
617280
617463
617792
617856
618000
618112
618336
618750
618752
618800
618816
618840
618880
618912
619136
619344
619360
619392
619584
619648
619840
619904
620256
620288
620400
620416
620480
620568
620640
620672
620736
620784
621120
621184
621216
621376
621432
621440
621696
621760
621792
621888
621920
621952
621984
622272
622400
622440
622464
622512
622566
622728
622800
622976
623168
623200
623280
623392
623424
623520
623744
623872
624064
624096
624456
624624
624768
624800
624896
625024
625248
625280
625320
625680
625824
625856
626048
626080
626112
626240
626432
626496
626816
626880
626976
627000
627120
627480
627520
627648
627669
627750
627984
628000
628096
628128
628160
628416
628544
628608
628672
628704
629120
629184
629200
629370
629424
629440
629504
629568
629640
629748
629952
630080
630240
630432
630504
630656
630828
631008
631104
631120
631152
631200
631552
631872
631904
632043
632128
632160
632192
632256
632400
632640
632800
632880
632896
633088
633312
633360
633420
633696
633864
633888
633920
634032
634112
634240
634304
634392
634400
634500
634560
634608
634800
634816
635200
635264
635328
635360
636120
636174
636192
636288
636336
636417
636660
636864
637000
637120
637146
637312
637500
637560
637568
637728
637920
638000
638064
638080
638112
638144
638176
638280
638352
638496
638592
638784
638820
639000
639072
639200
639600
639616
639840
639900
640080
640128
640332
640704
640768
640832
640872
640896
641250
641376
641472
641600
641760
641952
642000
642176
642400
642528
642720
642752
642960
643008
643264
643392
643456
643464
643500
643552
643712
643776
643950
644224
644400
644448
644640
644688
644760
645000
645165
645216
645248
645376
645568
645600
645624
645760
645792
646000
646080
646560
646704
646720
646784
646848
646866
647280
647296
647520
647584
647712
647936
648064
648128
648270
648320
648324
648384
648432
648480
648720
648768
648810
648832
648864
649088
649536
649792
649800
649920
649944
649984
650016
650112
650268
650304
650400
650560
650720
650916
651000
651008
651024
651360
651392
651600
651648
651726
651744
651888
651904
652000
652050
652080
652160
652212
652224
652416
652500
652536
652544
652680
652736
652860
652960
652992
653056
653072
653120
653376
653440
653600
653616
653856
653913
654000
654048
654192
654208
654240
654368
654400
654528
654592
654885
655040
655128
655344
655452
655680
655744
656250
656256
656320
656352
656448
656512
656768
656832
656880
657000
657120
657360
657504
657536
657558
657696
657888
657984
658000
658048
658080
658112
658125
658287
658304
658464
658752
658880
659072
659340
659664
659680
659736
659776
659808
659840
659880
659904
659988
660192
660224
660240
660288
660474
660528
660608
660744
660864
661056
661120
661200
661632
661696
661920
661932
662144
662480
662656
662661
662720
662976
663000
663120
663296
663360
663424
663520
663600
663808
663840
663872
663984
664048
664128
664224
664416
664448
664560
664608
664640
664768
664800
664960
665000
665184
665472
665496
665712
665728
665760
665820
666468
666496
666720
666816
666900
667035
667264
667296
667680
667764
667800
667872
667904
667920
668000
668032
668096
668288
668352
668448
668544
668640
669024
669060
669240
669504
669536
669708
669888
669952
670000
670016
670176
670400
670560
670656
670752
670800
670824
670848
670976
671360
671424
671760
671840
671872
671976
672128
672280
672300
672320
672336
672448
672480
672576
672640
672800
672840
672896
672960
673152
673440
673600
673664
674016
674048
674176
674325
674352
674400
674432
674496
674568
674730
675024
675136
675216
675456
675540
675783
675792
675864
676032
676080
676200
676368
676416
676544
676704
676736
677040
677280
677440
677484
677504
677632
677664
677808
677824
678000
678080
678132
678272
678456
678600
678699
678960
679040
679140
679200
679320
679360
679392
679428
679616
679728
679744
679808
679968
680160
680192
680256
680320
680544
680576
680640
680704
680800
681088
681264
681615
681728
681792
681856
681912
682000
682112
682272
682368
682500
682668
683100
683280
683316
683392
683640
683712
683760
683776
683802
684096
684160
684320
684352
684432
684450
684672
684720
684936
684992
685184
685216
685248
685312
685344
685696
685800
685952
686070
686208
686232
686448
686464
686664
686718
686848
686976
687040
687168
687204
687312
687488
687500
687600
687648
687680
687872
688160
688256
688384
688576
688608
688704
689024
689088
689216
689408
689520
689600
689634
689760
689792
690144
690240
690368
690480
690606
690880
690944
691008
691152
691328
691392
691416
691584
691600
691680
691740
691776
691920
692000
692208
692496
692608
692800
692992
693036
693216
693312
693440
693576
693840
694016
694512
694528
694575
694720
694800
694912
694944
695200
695304
695360
695424
695680
696064
696256
696640
696672
696768
696800
696864
696924
697200
697216
697410
697500
697632
697653
697760
697896
697920
698240
698560
698624
698625
698688
698752
698976
699008
699072
699136
699192
699300
699328
699360
699520
699552
699600
699712
699720
700032
700224
700480
700488
700544
700560
700608
700704
700812
700896
700920
700992
701120
701136
701280
701298
701376
701696
702027
702080
702270
702400
702576
702592
702756
702768
702912
703104
703125
703200
703248
703584
703616
703680
703744
703800
703836
704064
704320
704352
704448
704480
704592
704768
704880
705000
705120
705152
705312
705456
705664
705744
705920
706112
706368
706401
706464
706496
706800
706860
706880
707040
707130
707136
707168
707400
707472
707904
707940
707952
708032
708048
708224
708352
708400
708576
708624
708768
708800
708912
708928
708960
708992
709056
709128
709200
709248
709280
709344
709440
709504
709760
709776
709800
710000
710080
710272
710304
710424
710532
710912
711000
711018
711072
711200
711480
711648
711744
711808
711828
711872
712080
712096
712152
712368
712500
712512
712576
712640
712656
712768
712896
712962
713184
713232
713280
713448
713920
713952
713984
714112
714384
714400
714432
714496
714528
714624
714880
714960
715000
715104
715136
715149
715176
715500
716000
716032
716184
716224
716256
716320
716364
716400
716416
716672
716832
716850
716928
717024
717056
717184
717360
717408
717504
717552
717568
717952
718144
718208
718400
718464
718560
718656
718704
718720
718740
718794
718976
719136
719200
719232
719264
719424
719523
719680
719808
719928
720256
720288
720300
720360
720480
720512
720768
720800
720900
720960
721024
721056
721536
721664
721872
722000
722016
722160
722240
722358
722496
722520
722560
722592
722736
722925
723008
723240
723360
723492
723744
724000
724064
724140
724160
724320
724500
724626
724672
724680
724864
724896
725000
725040
725088
725112
725184
725200
725248
725328
725376
725400
725472
725696
725888
725952
726192
726240
726272
726408
726432
726570
726656
726720
726768
726880
727104
727272
727584
727650
727808
727872
727920
728028
728160
728280
728784
729280
729408
729472
729504
729648
729729
729856
729904
729984
730000
730048
730400
730458
730496
730512
730560
730620
730656
730688
731200
731250
731264
731328
731392
731430
731584
731712
731916
731952
732288
732416
732544
732564
732600
732645
732864
732960
733040
733120
733200
733312
733320
733568
733600
733860
733920
734160
734184
734272
734592
734784
735072
735075
735168
735392
735480
735552
735616
735696
736032
736064
736290
736384
736640
736704
736736
736776
736800
736848
736992
737024
737088
737152
737352
737408
737424
737472
737568
737600
737760
737920
738072
738144
738176
738192
738234
738240
738400
738528
738688
738752
738944
739008
739072
739152
739296
739368
739440
739456
739648
739680
739800
739872
739935
740016
740448
740520
740800
740928
740992
741000
741024
741150
741393
741440
741504
741632
741636
741664
741744
741960
742000
742080
742176
742272
742368
742464
742720
742784
742848
742896
742976
743168
743256
743328
743360
743400
743552
743600
743616
744120
744128
744320
744552
744640
744704
744876
745038
745056
745280
745360
745416
745524
745536
745632
745767
746064
746172
746400
746592
746624
746640
746752
747000
747040
747072
747136
747200
747225
747456
747600
747792
747968
748416
748512
748608
748992
749112
749184
749232
749250
749280
749312
749376
749412
749440
749504
749520
749632
749664
749700
749736
750240
750288
750528
750600
750870
750880
750960
751032
751168
751200
751248
751464
751520
751744
751842
751968
752192
752384
752760
752832
752928
752960
753088
753120
753312
753480
753786
753840
754000
754048
754110
754208
754304
754400
754416
754600
754800
754880
754920
754992
755072
755392
755424
755520
755776
755840
755904
755968
756160
756216
756352
756432
756576
756608
756672
756702
756756
756960
756992
757152
757188
757350
757376
757512
757568
757632
757680
757728
757888
757944
758080
758208
758336
758520
758528
758976
759000
759024
759132
759200
759240
759424
759600
759616
759680
759696
759744
759780
759936
760064
760128
760448
760480
760500
760512
760576
760608
760752
760800
760896
761024
761040
761184
761216
761376
761616
761728
761805
761904
762000
762300
762480
762528
762696
762720
762752
762816
762912
762944
762960
763008
763020
763264
763488
763520
763560
763584
763680
763968
764000
764032
764064
764208
764288
764352
764478
764736
764864
765056
765120
765312
765408
765576
765824
766260
766272
766368
766400
766528
766592
766752
766848
766908
767104
767200
767340
767424
767448
767616
767744
767872
767936
768128
768240
768256
768366
768528
768600
768640
768672
768800
768852
769104
769120
769152
769216
769392
769440
769664
769728
770040
770176
770240
770432
770472
770640
770784
770796
770816
770944
771282
771680
771750
771768
771936
771968
772000
772128
772160
772224
772464
772560
772632
772864
773024
773136
773248
773344
773388
773696
773808
773888
773952
773955
774080
774272
774336
774360
774528
774576
774900
775000
775104
775170
775440
775488
775552
775744
776250
776256
776304
776320
776385
776628
776640
776880
776952
777000
777088
777114
777168
777280
777472
777504
777856
777888
778272
778320
778368
778400
778496
778560
778680
778688
778800
778848
778880
778896
779040
779072
779136
779200
779220
779296
779544
779625
779688
779712
780030
780096
780300
780516
780544
780624
780640
780840
780912
781184
781248
781250
781696
781704
781760
781952
782000
782040
782136
782144
782720
782880
782946
782976
783200
783232
783616
783648
783675
783680
783840
783936
784160
784224
784256
784404
784448
784576
784704
784728
784784
784890
784944
784960
784992
785152
785232
785400
785568
785600
785700
785792
785808
786000
786016
786080
786560
786600
786624
786672
786720
787104
787136
787248
787360
787392
787520
787644
787680
787776
787840
787920
788000
788096
788160
788224
788352
788608
788640
788928
789184
789248
789360
789376
789480
789507
789568
789632
789824
789912
789984
790000
790020
790080
790128
790236
790464
790704
790720
790784
790848
790912
790920
790944
790965
791136
791168
791200
791232
791280
791520
791680
791694
791840
791936
792180
792192
792448
792480
792512
792704
792720
792792
793280
793584
793760
793920
794016
794124
794400
794448
794496
794560
794592
794610
794640
794752
795000
795072
795096
795168
795312
795328
795456
795760
795840
795872
795904
795960
796000
796176
796480
796500
796824
796992
797056
797088
797120
797280
797328
797632
797824
797888
798048
798255
798400
798464
798560
798592
798600
798624
798660
798768
798848
798976
799008
799040
799104
799296
799344
799360
799470
799552
799632
799848
799872
799920
800320
800352
800400
800448
800496
800832
801000
801152
801248
801408
801856
802032
802080
802176
802224
802240
802400
802620
802656
802752
802800
802880
803040
803072
803136
803250
803264
803358
803600
803880
803904
803968
804160
804168
804224
804288
804576
804600
804800
804992
805000
805056
805140
805200
805392
805440
805464
805545
805600
805680
805728
805760
805824
805896
805920
805952
806000
806016
806080
806274
806880
807120
807300
807488
807520
807732
807744
807975
808056
808064
808080
808416
808500
808800
808832
808896
808920
808992
809200
809248
809424
809536
809568
809728
809760
809952
810144
810216
810368
810560
810624
810656
810720
810752
810810
810816
811072
811104
811264
811377
811392
811512
811584
811620
811648
811680
811800
811840
811944
812416
812500
812672
812700
813024
813240
813280
813456
813504
813792
813960
814000
814016
814050
814176
814336
814400
814528
814536
814800
814912
815022
815328
815400
815424
815488
815760
815808
815872
815936
816256
816750
816816
816896
816912
817024
817128
817200
817280
817440
817452
817536
817632
817776
818064
818100
818208
818304
818424
818560
818640
818720
818748
818880
818928
819168
819264
819280
819328
819360
819392
819396
819504
819520
819584
819648
819968
820080
820096
820160
820260
820608
821016
821120
821280
821440
821504
821520
821568
821583
821600
821952
822000
822080
822096
822144
822150
822240
822624
822720
822800
822848
822912
822976
823104
823168
823360
823392
823424
823500
823536
823552
823608
823770
823872
823936
824040
824160
824192
824400
824499
824544
824576
824640
824688
824704
824736
824768
824904
824960
825228
825408
825440
825664
825696
825840
825920
826000
826176
826240
826272
826336
826496
826624
826752
826800
826875
826944
827172
827264
827280
827328
827640
827776
827820
827840
828096
828240
828352
828360
828480
828608
828630
828864
828960
829008
829080
829248
829472
829600
829632
829728
829824
829872
830000
830080
830144
830250
830336
830544
830736
830880
831104
831552
831616
831680
831872
831936
832256
832384
832416
832464
832480
832500
832640
832680
832768
832800
832960
833000
833040
833112
833152
833184
833247
833328
833408
833472
833600
833792
833856
833920
833952
834000
834300
834304
834400
834480
834496
834720
834768
834912
834944
834960
835296
835380
835392
835434
835456
835488
835520
835744
835776
836136
836224
836400
836480
836736
836784
836800
836928
836992
837056
837200
837248
837376
837408
837540
837600
837648
837824
837864
837900
837936
837984
838240
838368
838464
838512
838800
838848
838880
838944
839296
839360
839376
839552
839592
840224
840240
840294
840384
840480
840640
840768
840780
840840
841152
841248
841280
841320
841428
841500
841568
841680
841752
841824
841920
842016
842160
842304
842624
842800
843136
843360
843392
843456
843480
843552
843584
843600
843744
843904
844000
844096
844128
844160
844182
844200
844272
844544
844608
844668
844704
845000
845056
845120
845208
845280
845424
845440
845600
845760
845952
846208
846240
846288
846450
846464
846560
846592
846612
846912
846976
847000
847008
847098
847152
847168
847200
847296
847392
847440
847488
847552
847680
847728
847744
847800
847968
848016
848064
848128
848320
848400
848512
848736
848768
848960
849072
849120
849280
849312
849420
849664
849728
849744
849792
849856
849888
849984
850014
850048
850368
850608
850640
850688
850824
851072
851400
851424
851520
852012
852120
852192
852224
852288
852544
852600
852720
852736
852864
853056
853376
853416
853600
853740
853888
853920
854000
854064
854080
854112
854208
854280
854388
854464
854560
854656
854848
854880
854976
855036
855117
855232
855424
855456
855600
855712
855792
855808
856080
856224
856440
856512
856575
856656
856832
856980
857216
857376
857500
857520
857664
857736
857808
857920
858048
858176
858400
858432
858480
858496
858528
858762
859008
859040
859104
859320
859491
859712
859776
859872
859904
859950
859968
860064
860112
860256
860400
860416
860608
860625
860640
860706
861000
861192
861300
861312
861408
861504
861568
861600
861678
861888
861984
862407
862500
862560
862592
862650
862752
862784
862920
862976
863104
863200
863280
863296
863328
863424
863460
863488
863520
863784
863808
863865
863872
863968
864108
864128
864192
864320
864384
864800
864896
865200
865440
865600
865800
866016
866112
866160
866176
866250
866320
866376
866432
866700
866944
867000
867008
867104
867240
867360
867584
867600
867672
867680
867744
867776
867996
868096
868560
868672
868725
868736
868896
869040
869312
869568
869856
869940
869952
870016
870264
870272
870336
870426
870464
870528
870688
870720
870750
871040
871104
871296
871360
871416
871552
871560
871776
871872
871920
872100
872160
872192
872208
872352
872480
872576
872592
872784
872832
872856
872928
873000
873072
873088
873120
873664
873728
873828
874000
874080
874152
874176
874560
874720
874880
875072
875160
875200
875232
875328
875392
875448
875772
875904
875952
876384
876416
876512
876736
877200
877230
877248
877344
877392
877536
877632
877680
877760
877800
877888
877920
877968
878016
878040
878208
878256
878472
878528
878560
878720
878784
878800
878848
878850
879040
879168
879200
879264
879336
879424
879660
880200
880308
880416
880512
880768
880800
880875
880880
881088
881118
881216
881361
881496
881536
881712
881760
881792
881856
882048
882112
882144
882240
882304
882336
882360
882720
882880
882900
882944
883224
883328
883392
883440
883520
883568
883680
883728
883840
884304
884400
884448
884544
884640
884864
884928
884992
885000
885024
885168
885360
885456
885696
885920
886016
886032
886176
886528
886656
886704
886720
886788
886848
886950
887112
887168
887360
887400
887424
887436
887488
887520
887552
887744
887936
888064
888096
888160
888300
888384
888408
888448
888480
888704
888720
888768
888800
888896
889152
889280
889440
889488
889504
889536
889824
889984
890000
890109
890208
890568
890784
890838
891200
891324
891360
891800
891840
891936
891968
892000
892224
892500
892512
892544
892584
892620
892736
893088
893200
893312
893520
893592
893664
893696
894000
894348
894528
894592
894600
894672
894784
894816
894880
894912
894960
895050
895200
895212
895360
895440
895536
895744
895752
895776
895860
895872
896064
896112
896184
896192
896384
896544
896800
897000
897152
897156
897264
897480
897696
897728
897750
897840
897984
898176
898240
898464
898656
898752
898776
898800
898816
898857
898880
898944
899232
899360
899392
899520
899808
899904
899968
900072
900144
900160
900224
900240
900315
900352
900432
900576
900736
900800
900900
901248
901368
901530
901680
901692
901728
901760
901800
902000
902160
902208
902304
902496
902528
902592
902664
902784
902912
903000
903231
903360
903424
903474
903600
903808
903840
904032
904064
904128
904400
904448
904500
904512
904576
904640
904896
905040
905088
905184
905256
905344
905408
905580
905664
905920
905984
906000
906192
906336
906368
906400
906496
906528
906876
906912
906984
907136
907488
907500
907578
907584
907605
907632
907648
907680
907848
907872
907904
907920
908000
908032
908064
908208
908280
908334
908416
908480
908496
908640
908672
908960
909000
909120
909144
909360
909504
909600
909720
909888
909920
910208
910272
910368
910400
910440
910464
910560
910592
910720
910784
910976
911008
911104
911200
911400
911424
911744
911808
911904
911979
912240
912288
912708
912768
912800
912870
912912
913024
913280
913344
913440
913500
913600
913752
913824
913952
914004
914048
914144
914176
914304
914328
914368
914496
914544
914560
914816
914880
915000
915008
915040
915072
915120
915300
915408
915584
915600
915648
915936
916000
916032
916096
916110
916160
916320
916560
916596
916704
916736
916839
916920
917056
917082
917120
917136
917184
917248
917376
917440
917600
917632
917664
917888
917952
918080
918216
918432
918750
918848
918864
918912
919080
919168
919200
919424
919584
919600
919632
919776
919800
919808
919872
919968
920304
920400
920700
920736
920960
921120
921200
921216
921312
921375
921472
921728
921920
922080
922176
922185
922428
922432
922500
922896
922914
923040
923076
923200
923392
923472
923552
923616
923712
923776
923832
924336
924352
924372
924544
924928
924960
925000
925200
925248
925568
925600
925632
925680
925760
925824
925830
925888
925920
925952
926080
926688
926784
926848
927000
927168
927200
927472
927488
927504
927520
927680
927808
927872
928125
928128
928200
928224
928260
928320
928368
928640
928704
928928
929016
929040
929088
929376
929408
929472
929536
929760
929856
929920
930384
930432
930496
930600
930624
930688
930720
930852
930944
930960
931000
931008
931040
931072
931104
931176
931456
931520
931680
931712
931776
931824
932000
932064
932148
932160
932544
932608
932640
932672
932688
932832
932880
932928
932976
932992
933248
933408
933600
933660
933696
933760
933768
933849
934092
934200
934464
934720
934752
934784
934800
934920
935000
935088
935136
935200
935280
935360
935616
935808
936064
936096
936144
936684
936704
936832
936936
937152
937200
937280
937344
937536
937856
937872
937920
937980
938000
938080
938432
938520
938560
938736
938784
939072
939120
939168
939200
939360
939392
939648
939744
939776
939904
940224
940288
940320
940464
940500
940576
940680
941120
941192
941220
941248
941280
941312
941440
941472
941600
941625
941696
941920
941976
942000
942144
942192
942208
942240
942464
942624
942656
942816
942912
942976
943008
943040
943056
943680
943744
943776
943800
944055
944136
944160
944256
944320
944352
944460
944512
944622
944896
944928
945120
945360
945472
945536
945648
945756
945984
946000
946048
946242
946432
946512
946656
946680
946728
946800
946816
946880
947264
947328
947456
947584
947648
947808
947840
947856
948192
948240
948288
948352
948384
948416
948600
948800
948960
949120
949200
949312
949320
949344
949504
949632
949696
949888
949968
950040
950130
950144
950544
950656
950796
950832
950880
951048
951104
951168
951200
951360
951456
951588
951600
951680
951750
951840
951912
952064
952192
952200
952224
952448
952640
952800
952896
952960
952992
953040
953120
953216
953920
953984
954112
954180
954261
954288
954304
954432
954504
954560
954800
954990
955264
955296
955328
955500
955520
955648
955680
955719
955840
955968
956000
956250
956288
956340
956352
956384
956592
956880
957000
957096
957120
957168
957184
957216
957264
957420
957528
957744
957760
957824
957888
958048
958176
958230
958400
958500
958608
958800
959104
959200
959360
959400
959424
959552
959760
959850
960120
960128
960192
960498
961056
961152
961248
961308
961344
961600
961664
961856
961875
962000
962064
962208
962240
962400
962432
962500
962624
962640
962752
962816
962928
963000
963264
963424
963600
963776
963792
963968
964000
964080
964128
964160
964288
964352
964440
964512
964864
964896
965088
965184
965196
965250
965328
965440
965504
965568
965600
965664
965925
966336
966600
966672
966960
967032
967040
967140
967232
967424
967500
967824
967872
968064
968240
968352
968400
968436
968640
968688
968800
969000
969088
969120
969280
969760
969840
969920
970000
970056
970080
970176
970272
970299
970816
970920
970944
971008
971200
971280
971376
971568
971584
971904
972032
972096
972192
972400
972405
972416
972480
972486
972576
972608
972648
972720
972928
973080
973152
973215
973248
973280
973296
973504
973568
973632
973760
973952
974304
974464
974688
974700
974720
974880
974916
974976
975024
975040
975168
975200
975232
975296
975402
975456
975520
975600
975840
976080
976256
976374
976448
976500
976512
976536
976768
976864
976960
977024
977040
977088
977400
977472
977536
977589
977616
977832
977856
977984
978000
978075
978112
978120
978176
978240
978318
978336
978624
978688
978750
978804
978816
979020
979104
979264
979290
979328
979440
979488
979584
979608
979616
979680
979840
980064
980160
980288
980400
980424
980608
980672
980784
980800
980864
981000
981072
981248
981288
981312
981360
981552
981568
981600
981792
981824
981888
981920
982560
982692
982720
982912
983016
983178
983360
983488
983520
983616
983840
984375
984384
984480
984528
984640
984672
984768
984832
985152
985216
985248
985320
985500
985680
985856
986000
986040
986048
986256
986272
986304
986337
986368
986544
986752
986832
986976
987000
987008
987072
987120
987168
987200
987456
987520
987696
987712
988128
988288
988320
988608
988928
989010
989120
989248
989312
989496
989520
989604
989632
989664
989712
989760
989820
989856
989982
990288
990336
990360
990400
990432
990592
990711
990792
990912
991040
991116
991296
991360
991584
991616
991680
991760
991800
992128
992320
992448
992512
992544
992800
992880
992898
992960
992992
993216
993344
993472
993536
993664
993720
993920
993984
994000
994080
994112
994240
994400
994432
994464
994500
994680
994688
994944
995040
995136
995280
995400
995584
995680
995712
995760
995808
995968
995976
996072
996160
996192
996224
996336
996624
996672
996736
996840
996912
996960
997152
997200
997440
997500
997568
997600
997696
997760
997776
998208
998244
998272
998528
998568
998592
998640
998730
999296
999488
999702
999744
999808
